"iteration","time","best-fitness","average-fitness","best-genome"
"0","0.0","79092.171875","inf","[0, 74, 358, 285, 333, 249, 5, 184, 459, 137, 262, 447, 281, 192, 223, 315, 411, 21, 284, 103, 118, 337, 234, 479, 193, 278, 99, 92, 245, 428, 130, 153, 95, 260, 322, 426, 388, 59, 420, 409, 405, 344, 183, 431, 81, 367, 58, 295, 104, 465, 124, 215, 342, 54, 14, 71, 32, 377, 393, 241, 467, 85, 115, 478, 484, 306, 443, 492, 470, 207, 385, 485, 205, 410, 113, 10, 265, 324, 131, 190, 481, 423, 27, 34, 391, 356, 8, 20, 259, 347, 1, 44, 398, 450, 185, 406, 248, 250, 224, 489, 373, 386, 175, 253, 396, 499, 203, 416, 25, 122, 102, 274, 239, 425, 252, 354, 359, 226, 469, 283, 216, 155, 382, 72, 370, 79, 23, 135, 497, 147, 244, 417, 483, 273, 392, 51, 3, 341, 143, 22, 82, 107, 280, 437, 127, 151, 442, 55, 364, 435, 383, 228, 272, 395, 496, 461, 480, 35, 268, 17, 78, 454, 97, 487, 145, 299, 37, 401, 238, 298, 70, 179, 261, 293, 407, 378, 200, 30, 165, 24, 464, 397, 301, 439, 307, 91, 339, 458, 490, 414, 80, 77, 452, 473, 41, 366, 462, 256, 162, 208, 287, 194, 474, 371, 477, 455, 62, 60, 332, 374, 144, 449, 225, 125, 498, 352, 340, 331, 353, 220, 181, 422, 412, 76, 242, 206, 201, 365, 166, 177, 39, 214, 403, 276, 180, 475, 277, 19, 488, 408, 355, 345, 163, 227, 432, 494, 424, 61, 89, 350, 436, 310, 150, 188, 320, 6, 106, 169, 198, 40, 29, 46, 446, 247, 357, 336, 57, 399, 421, 189, 148, 160, 433, 66, 158, 222, 468, 476, 229, 154, 167, 56, 482, 390, 191, 212, 149, 472, 343, 246, 126, 28, 4, 288, 369, 16, 258, 159, 182, 254, 120, 335, 384, 255, 251, 134, 360, 415, 235, 75, 441, 64, 136, 119, 33, 346, 161, 63, 84, 217, 211, 109, 305, 325, 7, 372, 368, 282, 187, 240, 438, 123, 296, 402, 164, 451, 140, 174, 221, 404, 275, 199, 129, 429, 495, 94, 83, 142, 314, 233, 243, 116, 466, 87, 264, 445, 112, 380, 330, 318, 400, 413, 172, 12, 375, 105, 361, 263, 197, 117, 290, 26, 47, 128, 43, 133, 334, 48, 311, 440, 31, 232, 141, 101, 486, 493, 362, 312, 460, 176, 49, 270, 15, 111, 491, 65, 86, 53, 108, 302, 319, 52, 93, 471, 209, 100, 266, 146, 363, 73, 300, 68, 219, 152, 351, 173, 18, 321, 323, 138, 236, 168, 170, 178, 303, 96, 2, 309, 45, 230, 453, 38, 114, 379, 349, 98, 132, 11, 329, 67, 376, 457, 313, 348, 269, 257, 418, 317, 434, 204, 430, 444, 297, 237, 171, 213, 157, 110, 210, 156, 326, 121, 202, 304, 389, 463, 338, 279, 292, 327, 218, 231, 291, 271, 88, 294, 36, 328, 419, 42, 186, 13, 267, 394, 139, 50, 456, 196, 90, 448, 69, 286, 381, 308, 387, 316, 289, 427, 9, 195]"
"1","0.29567480087280273","79092.171875","82811.09853078358","[0, 74, 358, 285, 333, 249, 5, 184, 459, 137, 262, 447, 281, 192, 223, 315, 411, 21, 284, 103, 118, 337, 234, 479, 193, 278, 99, 92, 245, 428, 130, 153, 95, 260, 322, 426, 388, 59, 420, 409, 405, 344, 183, 431, 81, 367, 58, 295, 104, 465, 124, 215, 342, 54, 14, 71, 32, 377, 393, 241, 467, 85, 115, 478, 484, 306, 443, 492, 470, 207, 385, 485, 205, 410, 113, 10, 265, 324, 131, 190, 481, 423, 27, 34, 391, 356, 8, 20, 259, 347, 1, 44, 398, 450, 185, 406, 248, 250, 224, 489, 373, 386, 175, 253, 396, 499, 203, 416, 25, 122, 102, 274, 239, 425, 252, 354, 359, 226, 469, 283, 216, 155, 382, 72, 370, 79, 23, 135, 497, 147, 244, 417, 483, 273, 392, 51, 3, 341, 143, 22, 82, 107, 280, 437, 127, 151, 442, 55, 364, 435, 383, 228, 272, 395, 496, 461, 480, 35, 268, 17, 78, 454, 97, 487, 145, 299, 37, 401, 238, 298, 70, 179, 261, 293, 407, 378, 200, 30, 165, 24, 464, 397, 301, 439, 307, 91, 339, 458, 490, 414, 80, 77, 452, 473, 41, 366, 462, 256, 162, 208, 287, 194, 474, 371, 477, 455, 62, 60, 332, 374, 144, 449, 225, 125, 498, 352, 340, 331, 353, 220, 181, 422, 412, 76, 242, 206, 201, 365, 166, 177, 39, 214, 403, 276, 180, 475, 277, 19, 488, 408, 355, 345, 163, 227, 432, 494, 424, 61, 89, 350, 436, 310, 150, 188, 320, 6, 106, 169, 198, 40, 29, 46, 446, 247, 357, 336, 57, 399, 421, 189, 148, 160, 433, 66, 158, 222, 468, 476, 229, 154, 167, 56, 482, 390, 191, 212, 149, 472, 343, 246, 126, 28, 4, 288, 369, 16, 258, 159, 182, 254, 120, 335, 384, 255, 251, 134, 360, 415, 235, 75, 441, 64, 136, 119, 33, 346, 161, 63, 84, 217, 211, 109, 305, 325, 7, 372, 368, 282, 187, 240, 438, 123, 296, 402, 164, 451, 140, 174, 221, 404, 275, 199, 129, 429, 495, 94, 83, 142, 314, 233, 243, 116, 466, 87, 264, 445, 112, 380, 330, 318, 400, 413, 172, 12, 375, 105, 361, 263, 197, 117, 290, 26, 47, 128, 43, 133, 334, 48, 311, 440, 31, 232, 141, 101, 486, 493, 362, 312, 460, 176, 49, 270, 15, 111, 491, 65, 86, 53, 108, 302, 319, 52, 93, 471, 209, 100, 266, 146, 363, 73, 300, 68, 219, 152, 351, 173, 18, 321, 323, 138, 236, 168, 170, 178, 303, 96, 2, 309, 45, 230, 453, 38, 114, 379, 349, 98, 132, 11, 329, 67, 376, 457, 313, 348, 269, 257, 418, 317, 434, 204, 430, 444, 297, 237, 171, 213, 157, 110, 210, 156, 326, 121, 202, 304, 389, 463, 338, 279, 292, 327, 218, 231, 291, 271, 88, 294, 36, 328, 419, 42, 186, 13, 267, 394, 139, 50, 456, 196, 90, 448, 69, 286, 381, 308, 387, 316, 289, 427, 9, 195]"
"2","2.0629472732543945","79051.0234375","81195.61124067164","[0, 74, 358, 285, 333, 249, 5, 184, 459, 137, 262, 447, 281, 192, 223, 315, 411, 21, 284, 103, 118, 337, 234, 479, 193, 278, 99, 92, 245, 428, 130, 153, 95, 260, 322, 426, 388, 59, 420, 409, 405, 344, 183, 431, 81, 367, 58, 295, 104, 465, 124, 215, 342, 54, 14, 71, 32, 377, 393, 241, 467, 85, 115, 478, 484, 306, 443, 492, 470, 207, 385, 485, 205, 410, 113, 10, 265, 324, 131, 190, 481, 423, 27, 34, 391, 356, 8, 20, 259, 347, 1, 44, 398, 450, 185, 406, 248, 250, 224, 489, 373, 386, 175, 253, 396, 499, 203, 416, 25, 122, 102, 274, 239, 425, 252, 354, 359, 226, 469, 283, 216, 155, 382, 72, 370, 79, 23, 135, 497, 147, 244, 417, 483, 273, 392, 51, 3, 341, 143, 22, 82, 107, 280, 437, 127, 151, 442, 55, 364, 435, 383, 228, 272, 395, 496, 461, 480, 35, 268, 17, 78, 454, 97, 487, 145, 299, 37, 401, 238, 298, 70, 179, 261, 293, 407, 378, 200, 30, 165, 24, 464, 397, 301, 439, 307, 91, 339, 458, 490, 414, 80, 77, 452, 473, 41, 366, 462, 256, 162, 208, 287, 194, 474, 371, 477, 455, 62, 60, 332, 374, 144, 449, 225, 125, 498, 352, 340, 331, 353, 220, 181, 422, 412, 76, 242, 206, 201, 365, 166, 177, 39, 214, 403, 276, 180, 475, 277, 19, 488, 408, 355, 345, 163, 227, 432, 494, 424, 61, 89, 350, 436, 310, 150, 188, 320, 6, 106, 169, 198, 40, 29, 46, 446, 247, 357, 336, 57, 399, 421, 189, 148, 160, 433, 66, 158, 222, 468, 476, 229, 154, 167, 56, 482, 390, 191, 212, 149, 472, 343, 246, 126, 28, 4, 288, 369, 16, 258, 159, 182, 254, 120, 335, 384, 255, 251, 134, 360, 415, 235, 75, 441, 64, 136, 119, 33, 346, 161, 63, 84, 217, 211, 109, 305, 325, 7, 372, 368, 282, 187, 240, 438, 123, 296, 402, 164, 451, 140, 174, 221, 404, 275, 199, 129, 429, 495, 94, 83, 142, 314, 233, 243, 116, 466, 87, 264, 445, 112, 380, 330, 318, 400, 413, 172, 12, 375, 105, 361, 263, 197, 117, 290, 26, 47, 128, 43, 133, 334, 48, 311, 440, 31, 232, 141, 101, 486, 493, 362, 312, 460, 176, 49, 270, 15, 111, 491, 65, 86, 53, 108, 302, 319, 52, 93, 471, 209, 100, 266, 146, 363, 73, 300, 68, 219, 152, 351, 173, 18, 321, 323, 138, 236, 168, 170, 178, 303, 96, 2, 309, 45, 230, 453, 38, 114, 379, 349, 98, 132, 11, 329, 67, 376, 457, 313, 348, 269, 257, 418, 317, 434, 204, 430, 444, 297, 237, 171, 213, 157, 110, 210, 156, 326, 121, 202, 304, 389, 463, 338, 279, 292, 327, 218, 231, 291, 271, 88, 294, 36, 328, 419, 42, 186, 13, 267, 394, 139, 50, 456, 196, 90, 448, 289, 69, 427, 286, 381, 308, 387, 316, 9, 195]"
"3","3.8308520317077637","78912.2421875","81468.9467506219","[0, 74, 358, 285, 333, 249, 5, 184, 459, 137, 262, 447, 281, 192, 223, 315, 411, 21, 284, 103, 118, 337, 234, 479, 193, 278, 99, 92, 245, 428, 130, 153, 95, 260, 322, 426, 388, 59, 420, 409, 405, 344, 183, 431, 81, 367, 58, 295, 104, 465, 124, 215, 342, 54, 14, 71, 32, 377, 393, 241, 467, 85, 115, 478, 484, 306, 443, 492, 470, 207, 385, 485, 205, 410, 113, 10, 265, 324, 131, 190, 481, 423, 27, 34, 391, 356, 8, 20, 259, 347, 1, 44, 398, 450, 185, 406, 248, 250, 224, 489, 373, 386, 175, 253, 396, 499, 203, 416, 25, 122, 102, 274, 239, 425, 252, 359, 354, 226, 155, 469, 283, 382, 216, 72, 370, 79, 23, 135, 497, 147, 244, 417, 483, 273, 392, 51, 3, 341, 143, 22, 82, 107, 280, 437, 127, 151, 442, 55, 364, 435, 383, 228, 272, 395, 496, 461, 480, 35, 268, 17, 78, 454, 97, 487, 145, 299, 37, 401, 238, 298, 70, 179, 261, 293, 407, 378, 200, 30, 165, 24, 464, 397, 301, 439, 307, 91, 339, 458, 490, 414, 80, 77, 452, 473, 41, 366, 462, 256, 162, 208, 287, 194, 474, 371, 477, 455, 62, 60, 332, 374, 144, 449, 225, 125, 498, 352, 340, 331, 353, 220, 181, 422, 412, 76, 242, 206, 201, 365, 166, 177, 39, 214, 403, 276, 180, 475, 277, 19, 488, 408, 355, 345, 163, 227, 432, 494, 424, 61, 89, 350, 436, 310, 150, 188, 320, 6, 106, 169, 198, 40, 29, 46, 446, 247, 357, 336, 57, 399, 421, 189, 148, 160, 433, 66, 158, 222, 468, 476, 229, 154, 167, 56, 482, 390, 191, 212, 149, 472, 343, 246, 126, 28, 4, 288, 369, 16, 258, 159, 182, 254, 120, 335, 384, 255, 251, 134, 360, 415, 235, 75, 441, 64, 136, 119, 33, 346, 161, 63, 84, 217, 211, 109, 305, 325, 7, 372, 368, 282, 187, 240, 438, 123, 296, 402, 164, 451, 140, 174, 221, 404, 275, 199, 129, 429, 495, 94, 83, 142, 314, 233, 243, 116, 466, 87, 264, 445, 112, 380, 330, 318, 400, 413, 172, 12, 375, 105, 361, 263, 197, 117, 290, 26, 47, 128, 43, 133, 334, 48, 311, 440, 31, 232, 141, 101, 486, 493, 362, 312, 460, 176, 49, 270, 15, 111, 491, 65, 86, 53, 108, 302, 319, 52, 93, 471, 209, 100, 266, 146, 363, 73, 300, 68, 219, 152, 351, 173, 18, 321, 323, 138, 236, 168, 170, 178, 303, 96, 2, 309, 45, 230, 453, 38, 114, 379, 349, 98, 132, 11, 329, 67, 376, 457, 313, 348, 269, 257, 418, 317, 434, 204, 430, 444, 297, 237, 171, 213, 157, 110, 210, 156, 326, 121, 202, 304, 389, 463, 338, 279, 292, 327, 218, 231, 291, 271, 88, 294, 36, 328, 419, 42, 186, 13, 267, 394, 139, 50, 456, 196, 90, 448, 69, 286, 381, 308, 387, 316, 289, 427, 9, 195]"
"4","5.593866586685181","78759.25","81106.21929415423","[0, 74, 358, 459, 137, 262, 447, 281, 192, 223, 315, 411, 21, 284, 103, 118, 337, 234, 479, 193, 278, 99, 92, 245, 428, 130, 153, 95, 260, 322, 426, 388, 59, 420, 409, 405, 344, 183, 431, 81, 367, 58, 295, 104, 465, 124, 215, 342, 54, 14, 71, 32, 377, 393, 241, 467, 85, 115, 478, 484, 306, 443, 492, 470, 207, 385, 485, 205, 410, 113, 10, 265, 324, 131, 190, 481, 423, 27, 34, 391, 356, 8, 20, 259, 347, 1, 44, 398, 450, 185, 406, 248, 250, 224, 489, 373, 386, 175, 253, 396, 499, 203, 416, 25, 122, 102, 274, 239, 425, 252, 359, 354, 226, 155, 469, 283, 382, 216, 72, 370, 79, 23, 135, 497, 147, 244, 417, 483, 273, 392, 51, 3, 341, 143, 22, 82, 107, 280, 437, 127, 151, 442, 55, 364, 435, 383, 228, 272, 395, 496, 461, 480, 35, 268, 17, 78, 454, 97, 487, 145, 299, 37, 401, 238, 298, 70, 179, 261, 293, 407, 378, 200, 30, 165, 24, 464, 397, 301, 439, 307, 91, 339, 458, 490, 414, 80, 77, 452, 473, 41, 366, 462, 256, 162, 208, 287, 194, 474, 371, 477, 455, 62, 60, 332, 374, 144, 449, 225, 125, 498, 352, 340, 331, 353, 220, 181, 422, 412, 76, 242, 206, 201, 365, 166, 177, 39, 214, 403, 276, 180, 475, 277, 19, 488, 408, 355, 345, 163, 227, 432, 494, 424, 61, 89, 350, 436, 310, 150, 188, 320, 6, 106, 169, 198, 40, 29, 46, 446, 247, 357, 336, 57, 399, 421, 189, 148, 160, 433, 66, 158, 222, 468, 476, 229, 154, 167, 56, 482, 390, 191, 212, 149, 472, 343, 246, 126, 28, 4, 288, 369, 16, 258, 159, 182, 254, 120, 335, 384, 255, 251, 134, 360, 415, 235, 75, 441, 64, 136, 119, 33, 346, 161, 63, 84, 217, 211, 109, 305, 325, 7, 372, 368, 282, 187, 240, 438, 123, 296, 402, 164, 451, 140, 174, 221, 404, 275, 199, 129, 429, 495, 94, 83, 142, 314, 233, 243, 116, 466, 87, 264, 445, 112, 380, 330, 318, 400, 413, 172, 12, 375, 105, 361, 263, 197, 117, 290, 26, 47, 128, 43, 133, 334, 48, 311, 440, 31, 232, 141, 101, 486, 493, 362, 312, 460, 176, 49, 270, 15, 111, 491, 65, 86, 53, 108, 302, 319, 52, 93, 471, 209, 100, 266, 146, 363, 73, 300, 68, 219, 152, 351, 173, 18, 321, 323, 138, 236, 168, 170, 178, 303, 96, 2, 309, 45, 230, 453, 38, 114, 379, 349, 98, 132, 11, 329, 67, 376, 457, 313, 348, 269, 257, 418, 317, 434, 204, 430, 444, 297, 237, 171, 213, 157, 110, 210, 156, 326, 121, 202, 304, 389, 463, 338, 279, 292, 327, 218, 231, 291, 271, 88, 294, 36, 328, 419, 42, 186, 13, 267, 394, 139, 50, 456, 196, 90, 448, 69, 286, 381, 308, 387, 316, 289, 427, 9, 195, 184, 285, 249, 5, 333]"
"5","7.356400012969971","78649.9765625","80933.85253420398","[0, 74, 358, 184, 285, 5, 333, 249, 459, 137, 262, 447, 281, 192, 223, 315, 411, 21, 284, 103, 118, 337, 234, 479, 193, 278, 99, 92, 245, 428, 130, 153, 95, 260, 322, 426, 388, 59, 420, 409, 405, 344, 183, 431, 81, 367, 58, 295, 104, 465, 124, 215, 342, 54, 14, 71, 32, 377, 393, 241, 467, 85, 115, 478, 484, 306, 443, 492, 470, 207, 385, 485, 205, 410, 113, 10, 265, 324, 131, 190, 481, 423, 27, 34, 391, 356, 8, 20, 259, 347, 1, 44, 398, 450, 185, 406, 248, 250, 224, 489, 373, 386, 175, 253, 396, 499, 203, 416, 25, 122, 102, 274, 239, 425, 252, 359, 354, 226, 155, 469, 283, 382, 216, 72, 370, 79, 23, 135, 497, 147, 244, 417, 483, 273, 392, 51, 3, 341, 143, 22, 82, 107, 280, 437, 127, 151, 442, 55, 364, 435, 383, 228, 272, 395, 496, 461, 480, 35, 268, 17, 78, 454, 97, 487, 145, 299, 37, 401, 238, 298, 70, 179, 261, 293, 407, 378, 200, 30, 165, 24, 464, 397, 301, 439, 307, 91, 339, 458, 490, 414, 80, 77, 452, 473, 41, 366, 462, 256, 162, 208, 287, 194, 474, 371, 477, 455, 62, 60, 332, 374, 144, 449, 225, 125, 498, 352, 340, 331, 353, 220, 181, 422, 412, 76, 242, 206, 201, 365, 166, 177, 39, 214, 403, 276, 180, 475, 277, 19, 488, 408, 355, 345, 163, 227, 432, 494, 424, 61, 89, 350, 436, 310, 150, 188, 320, 6, 106, 169, 198, 40, 29, 46, 446, 247, 357, 336, 57, 399, 421, 189, 148, 160, 433, 66, 158, 222, 468, 476, 229, 154, 167, 56, 482, 390, 191, 212, 149, 472, 343, 246, 126, 28, 4, 288, 369, 16, 258, 159, 182, 254, 120, 335, 384, 255, 251, 134, 360, 415, 235, 75, 441, 64, 136, 119, 33, 346, 161, 63, 84, 217, 211, 109, 305, 325, 7, 372, 368, 282, 187, 240, 438, 123, 296, 402, 164, 451, 140, 174, 221, 404, 275, 199, 129, 429, 495, 94, 83, 142, 314, 233, 243, 116, 466, 87, 264, 445, 112, 380, 330, 318, 400, 413, 172, 12, 375, 105, 361, 263, 197, 117, 290, 26, 47, 128, 43, 133, 334, 48, 311, 440, 31, 232, 141, 101, 486, 493, 362, 312, 460, 176, 49, 270, 15, 111, 491, 65, 86, 53, 108, 302, 319, 52, 93, 471, 209, 100, 266, 146, 363, 73, 300, 68, 219, 152, 351, 173, 18, 321, 323, 138, 236, 168, 170, 178, 303, 96, 2, 309, 45, 230, 453, 38, 114, 379, 349, 98, 132, 11, 329, 67, 376, 457, 313, 348, 269, 257, 418, 317, 434, 204, 430, 444, 297, 237, 171, 213, 157, 110, 210, 156, 326, 121, 202, 304, 389, 463, 338, 279, 292, 327, 218, 231, 291, 271, 88, 294, 36, 328, 419, 13, 186, 267, 42, 50, 394, 139, 456, 196, 90, 448, 69, 286, 381, 308, 387, 316, 289, 427, 9, 195]"
"6","9.123102188110352","78589.3046875","80885.12325093284","[0, 74, 358, 184, 285, 333, 5, 249, 459, 137, 262, 447, 281, 192, 223, 315, 411, 21, 284, 103, 118, 337, 234, 479, 193, 278, 99, 92, 245, 428, 130, 153, 95, 260, 322, 426, 388, 59, 420, 409, 405, 344, 183, 431, 81, 367, 58, 295, 104, 465, 124, 215, 342, 54, 14, 71, 32, 377, 393, 241, 467, 85, 115, 478, 484, 306, 443, 492, 470, 207, 385, 485, 205, 410, 113, 10, 265, 324, 131, 190, 481, 423, 27, 34, 391, 356, 8, 20, 259, 347, 1, 44, 398, 450, 185, 406, 248, 250, 224, 489, 373, 386, 175, 253, 396, 499, 203, 416, 25, 122, 102, 274, 239, 425, 252, 359, 354, 226, 155, 469, 283, 382, 216, 72, 370, 79, 23, 135, 497, 147, 244, 417, 483, 273, 392, 51, 3, 341, 143, 22, 82, 107, 280, 437, 127, 151, 442, 55, 364, 435, 383, 228, 272, 395, 496, 461, 480, 35, 268, 17, 78, 454, 97, 487, 145, 299, 37, 401, 238, 298, 70, 179, 261, 293, 407, 378, 200, 30, 165, 24, 464, 397, 301, 439, 307, 91, 339, 458, 490, 414, 80, 77, 452, 473, 41, 366, 462, 256, 162, 208, 287, 194, 474, 371, 477, 455, 62, 60, 332, 374, 144, 449, 225, 125, 498, 352, 340, 331, 353, 220, 181, 422, 412, 76, 242, 206, 201, 365, 166, 177, 39, 214, 403, 276, 180, 475, 277, 19, 488, 408, 355, 345, 163, 227, 432, 494, 424, 61, 89, 350, 436, 310, 150, 188, 320, 6, 106, 169, 198, 40, 29, 46, 446, 247, 357, 336, 57, 399, 421, 189, 148, 160, 433, 66, 158, 222, 468, 476, 229, 154, 167, 56, 482, 390, 191, 212, 149, 472, 343, 246, 126, 28, 4, 288, 369, 16, 258, 159, 182, 254, 120, 335, 384, 255, 251, 134, 360, 415, 235, 75, 441, 64, 136, 119, 33, 346, 161, 63, 84, 217, 211, 109, 305, 325, 7, 372, 368, 282, 187, 240, 438, 123, 296, 402, 164, 451, 140, 174, 221, 404, 275, 199, 129, 429, 495, 94, 83, 142, 314, 233, 243, 116, 466, 87, 264, 445, 112, 380, 330, 318, 400, 413, 172, 12, 375, 105, 361, 263, 197, 117, 290, 26, 47, 128, 43, 133, 334, 48, 311, 440, 31, 232, 141, 101, 486, 493, 362, 312, 460, 176, 49, 270, 15, 111, 491, 65, 86, 53, 108, 302, 319, 52, 93, 471, 209, 100, 266, 146, 363, 73, 300, 68, 219, 152, 351, 173, 18, 321, 323, 138, 236, 168, 170, 178, 303, 96, 2, 309, 45, 230, 453, 38, 114, 379, 349, 98, 132, 11, 329, 67, 376, 457, 313, 348, 269, 257, 418, 317, 434, 204, 430, 444, 297, 237, 171, 213, 157, 110, 210, 156, 326, 121, 202, 304, 389, 463, 338, 279, 292, 327, 218, 231, 291, 271, 88, 294, 36, 328, 419, 13, 186, 267, 42, 50, 394, 139, 456, 196, 90, 448, 69, 286, 381, 308, 387, 316, 289, 427, 9, 195]"
"7","10.885812759399414","78498.4140625","80722.89373445274","[0, 74, 358, 184, 285, 333, 5, 249, 459, 137, 262, 447, 281, 192, 223, 315, 411, 21, 284, 103, 118, 337, 234, 479, 193, 278, 99, 92, 245, 428, 130, 153, 95, 260, 322, 426, 388, 59, 420, 409, 405, 344, 183, 431, 81, 367, 58, 295, 104, 465, 124, 215, 342, 54, 14, 71, 32, 377, 393, 241, 467, 85, 115, 478, 484, 306, 443, 492, 470, 207, 385, 485, 205, 410, 113, 10, 265, 324, 131, 190, 481, 423, 27, 34, 391, 356, 8, 20, 259, 347, 1, 44, 398, 450, 489, 373, 185, 406, 248, 250, 224, 386, 175, 253, 396, 499, 203, 416, 25, 122, 102, 274, 239, 425, 252, 359, 354, 226, 155, 469, 283, 382, 216, 72, 370, 79, 23, 135, 497, 147, 244, 417, 483, 273, 392, 51, 3, 341, 143, 22, 82, 107, 280, 437, 127, 151, 442, 55, 364, 435, 383, 228, 272, 395, 496, 461, 480, 35, 268, 17, 78, 454, 97, 487, 145, 299, 37, 401, 238, 298, 70, 179, 261, 293, 407, 378, 200, 30, 165, 24, 464, 397, 301, 439, 307, 91, 339, 458, 490, 414, 80, 77, 452, 473, 41, 366, 462, 256, 162, 208, 287, 194, 474, 371, 477, 455, 62, 60, 332, 374, 144, 449, 225, 125, 498, 352, 340, 331, 353, 220, 181, 422, 412, 76, 242, 206, 201, 365, 166, 177, 39, 214, 403, 276, 180, 475, 277, 19, 488, 408, 355, 345, 163, 227, 432, 494, 424, 61, 89, 350, 436, 310, 150, 188, 320, 6, 106, 169, 198, 40, 29, 46, 446, 247, 357, 336, 57, 399, 421, 189, 148, 160, 433, 66, 158, 222, 468, 476, 229, 154, 167, 56, 482, 390, 191, 212, 149, 472, 343, 246, 126, 28, 4, 288, 369, 16, 258, 159, 182, 254, 120, 335, 384, 255, 251, 134, 360, 415, 235, 75, 441, 64, 136, 119, 33, 346, 161, 63, 84, 217, 211, 109, 305, 325, 7, 372, 368, 282, 187, 240, 438, 123, 296, 402, 164, 451, 140, 174, 221, 404, 275, 199, 129, 429, 495, 94, 83, 142, 314, 233, 243, 116, 466, 87, 264, 445, 112, 380, 330, 318, 400, 413, 172, 12, 375, 105, 361, 263, 197, 117, 290, 26, 47, 128, 43, 133, 334, 48, 311, 440, 31, 232, 141, 101, 486, 493, 362, 312, 460, 176, 49, 270, 15, 111, 491, 65, 86, 53, 108, 302, 319, 52, 93, 471, 209, 100, 266, 146, 363, 73, 300, 68, 219, 152, 351, 173, 18, 321, 323, 138, 236, 168, 170, 178, 303, 96, 2, 309, 45, 230, 453, 38, 114, 379, 349, 98, 132, 11, 329, 67, 376, 313, 317, 348, 457, 418, 257, 269, 434, 204, 430, 444, 297, 237, 171, 213, 157, 110, 210, 156, 326, 121, 202, 304, 389, 463, 338, 279, 292, 327, 218, 231, 291, 271, 88, 294, 36, 328, 419, 13, 186, 267, 42, 50, 394, 139, 456, 196, 90, 448, 69, 286, 381, 308, 387, 316, 289, 427, 9, 195]"
"8","12.648987531661987","78452.7890625","80648.51492537314","[0, 74, 358, 184, 285, 333, 5, 249, 459, 137, 262, 447, 281, 192, 223, 315, 411, 21, 284, 103, 118, 337, 234, 479, 193, 278, 99, 92, 245, 428, 130, 153, 95, 260, 322, 426, 388, 59, 420, 409, 405, 344, 183, 431, 81, 367, 58, 295, 104, 465, 124, 215, 342, 54, 14, 71, 32, 377, 393, 241, 467, 85, 115, 478, 484, 306, 443, 492, 470, 207, 385, 485, 205, 410, 113, 10, 265, 324, 131, 190, 481, 423, 27, 34, 391, 356, 8, 20, 259, 347, 1, 44, 398, 450, 489, 373, 185, 406, 248, 250, 224, 386, 175, 253, 396, 499, 203, 416, 25, 122, 102, 274, 239, 425, 252, 359, 354, 226, 155, 469, 283, 382, 216, 72, 370, 79, 23, 135, 497, 147, 244, 417, 483, 273, 392, 51, 3, 341, 143, 22, 82, 107, 280, 437, 127, 151, 442, 55, 364, 435, 383, 228, 272, 395, 496, 461, 480, 35, 268, 17, 78, 454, 97, 487, 145, 299, 37, 401, 238, 298, 70, 179, 261, 293, 407, 378, 200, 30, 165, 24, 464, 397, 301, 439, 307, 91, 339, 458, 490, 414, 80, 77, 452, 473, 41, 366, 462, 256, 162, 208, 287, 194, 474, 371, 477, 455, 62, 60, 332, 374, 144, 449, 225, 125, 498, 352, 340, 331, 353, 220, 181, 422, 412, 76, 242, 206, 201, 365, 166, 177, 39, 214, 403, 276, 180, 475, 277, 19, 488, 408, 355, 345, 163, 227, 432, 494, 424, 61, 89, 350, 436, 310, 150, 188, 320, 6, 106, 169, 198, 40, 29, 46, 446, 247, 357, 336, 57, 399, 421, 189, 148, 160, 433, 66, 158, 222, 468, 476, 229, 154, 167, 56, 482, 390, 191, 212, 149, 472, 343, 246, 126, 28, 4, 288, 369, 16, 258, 159, 182, 254, 120, 335, 384, 255, 251, 134, 360, 415, 235, 75, 441, 64, 136, 119, 33, 346, 161, 63, 84, 217, 211, 109, 305, 325, 7, 372, 368, 282, 187, 240, 438, 123, 296, 402, 164, 451, 140, 174, 221, 404, 275, 199, 129, 429, 495, 94, 83, 142, 314, 233, 243, 116, 466, 87, 264, 445, 112, 380, 330, 318, 400, 413, 172, 12, 375, 105, 361, 263, 197, 117, 290, 26, 47, 128, 43, 133, 334, 48, 311, 440, 31, 232, 141, 101, 486, 493, 362, 312, 460, 176, 49, 270, 15, 111, 491, 65, 86, 53, 108, 302, 319, 52, 93, 471, 209, 100, 266, 146, 363, 73, 300, 68, 219, 152, 351, 173, 18, 321, 323, 138, 236, 168, 170, 178, 303, 96, 2, 309, 45, 230, 453, 38, 98, 349, 379, 114, 132, 11, 329, 67, 376, 457, 313, 348, 269, 257, 418, 317, 434, 204, 430, 444, 297, 237, 171, 213, 157, 110, 210, 156, 326, 121, 202, 304, 389, 463, 338, 279, 292, 327, 218, 231, 291, 271, 88, 294, 36, 328, 419, 13, 186, 267, 42, 50, 394, 139, 456, 196, 90, 448, 69, 286, 381, 308, 387, 316, 289, 427, 9, 195]"
"9","14.413500547409058","78309.4765625","80537.28031716419","[0, 74, 358, 184, 285, 333, 5, 249, 459, 137, 262, 447, 281, 192, 223, 315, 411, 21, 284, 103, 118, 337, 234, 479, 193, 278, 99, 92, 245, 428, 130, 153, 95, 260, 322, 426, 388, 59, 420, 409, 405, 344, 183, 431, 81, 367, 58, 295, 104, 465, 124, 215, 342, 54, 14, 71, 32, 377, 393, 241, 467, 85, 115, 478, 484, 306, 443, 492, 470, 207, 385, 485, 205, 410, 113, 10, 265, 324, 131, 190, 481, 423, 27, 34, 391, 356, 8, 20, 259, 347, 1, 373, 44, 398, 185, 450, 489, 406, 248, 250, 224, 386, 175, 253, 396, 499, 203, 416, 25, 122, 102, 274, 239, 425, 252, 359, 354, 226, 155, 469, 283, 382, 216, 72, 370, 79, 23, 135, 497, 147, 244, 417, 483, 273, 392, 51, 3, 341, 143, 22, 82, 107, 280, 437, 127, 151, 442, 55, 364, 435, 383, 228, 272, 395, 496, 461, 480, 35, 268, 17, 78, 454, 97, 487, 145, 299, 37, 401, 238, 298, 70, 179, 261, 293, 407, 378, 200, 30, 165, 24, 464, 397, 301, 439, 307, 91, 339, 458, 490, 414, 80, 77, 452, 473, 41, 366, 462, 256, 162, 208, 287, 194, 474, 371, 477, 455, 62, 60, 332, 374, 144, 449, 225, 125, 498, 352, 340, 331, 353, 220, 181, 422, 412, 76, 242, 206, 201, 365, 166, 177, 39, 214, 403, 276, 180, 475, 277, 19, 488, 408, 355, 345, 163, 227, 432, 494, 424, 61, 89, 350, 436, 310, 150, 188, 320, 6, 106, 169, 198, 40, 29, 46, 446, 247, 357, 336, 57, 399, 421, 189, 148, 160, 433, 66, 158, 222, 468, 476, 229, 154, 167, 56, 482, 390, 191, 212, 149, 472, 343, 246, 126, 28, 4, 288, 369, 16, 258, 159, 182, 254, 120, 335, 384, 255, 251, 134, 360, 415, 235, 75, 441, 64, 136, 119, 33, 346, 161, 63, 84, 217, 211, 109, 305, 325, 7, 372, 368, 282, 187, 240, 438, 123, 296, 402, 164, 451, 140, 174, 221, 404, 275, 199, 129, 429, 495, 94, 83, 142, 314, 233, 243, 116, 466, 87, 264, 445, 112, 380, 330, 318, 400, 413, 172, 12, 375, 105, 361, 263, 197, 117, 290, 26, 47, 128, 43, 133, 334, 48, 311, 440, 31, 232, 141, 101, 486, 493, 362, 312, 460, 176, 49, 270, 15, 111, 491, 65, 86, 53, 108, 302, 319, 52, 93, 471, 209, 100, 266, 146, 363, 73, 300, 68, 219, 152, 351, 173, 18, 321, 323, 138, 236, 168, 170, 178, 303, 96, 2, 309, 45, 230, 453, 38, 98, 349, 379, 114, 132, 11, 329, 67, 376, 457, 313, 348, 269, 257, 418, 317, 434, 204, 430, 444, 297, 237, 171, 213, 157, 110, 210, 156, 326, 121, 202, 304, 389, 463, 338, 279, 292, 327, 218, 231, 291, 271, 88, 294, 36, 328, 419, 13, 186, 267, 42, 50, 394, 139, 456, 196, 90, 448, 69, 286, 381, 308, 387, 316, 289, 427, 9, 195]"
"10","16.17912268638611","78265.40625","80521.21272543533","[0, 74, 358, 184, 285, 333, 5, 249, 459, 137, 262, 447, 281, 192, 223, 315, 411, 21, 284, 103, 118, 337, 234, 479, 193, 278, 99, 92, 245, 428, 130, 153, 95, 260, 322, 426, 388, 59, 420, 409, 405, 344, 183, 431, 81, 367, 58, 295, 104, 465, 124, 215, 342, 54, 14, 71, 32, 377, 393, 241, 467, 85, 115, 478, 484, 306, 443, 492, 470, 207, 385, 485, 205, 410, 113, 10, 265, 324, 131, 190, 481, 423, 27, 34, 391, 356, 8, 20, 259, 347, 1, 373, 44, 398, 450, 185, 406, 248, 489, 250, 224, 386, 175, 253, 396, 499, 203, 416, 25, 122, 102, 274, 239, 425, 252, 359, 354, 226, 155, 469, 283, 382, 216, 72, 370, 79, 23, 135, 497, 147, 244, 417, 483, 273, 392, 51, 3, 341, 143, 22, 82, 107, 280, 437, 127, 151, 442, 55, 364, 435, 383, 228, 272, 395, 496, 461, 480, 35, 268, 17, 78, 454, 97, 487, 145, 299, 37, 401, 238, 298, 70, 179, 261, 293, 407, 378, 200, 30, 165, 24, 464, 397, 301, 439, 307, 91, 339, 458, 490, 414, 80, 77, 452, 473, 41, 366, 462, 256, 162, 208, 287, 194, 474, 371, 477, 455, 62, 60, 332, 374, 144, 449, 225, 125, 498, 352, 340, 331, 353, 220, 181, 422, 412, 76, 242, 206, 201, 365, 166, 177, 39, 214, 403, 276, 180, 475, 277, 19, 488, 408, 355, 345, 163, 227, 432, 494, 424, 61, 89, 350, 436, 310, 150, 188, 320, 6, 106, 169, 198, 40, 29, 46, 446, 247, 357, 336, 57, 399, 421, 189, 148, 160, 433, 66, 158, 222, 468, 476, 229, 154, 167, 56, 482, 390, 191, 212, 149, 472, 343, 246, 126, 28, 4, 288, 369, 16, 258, 159, 182, 254, 120, 335, 384, 255, 251, 134, 360, 415, 235, 75, 441, 64, 136, 119, 33, 346, 161, 63, 84, 217, 211, 109, 305, 325, 7, 372, 368, 282, 187, 240, 438, 123, 296, 402, 164, 451, 140, 174, 221, 404, 275, 199, 129, 429, 495, 94, 83, 142, 314, 233, 243, 116, 466, 87, 264, 445, 112, 380, 330, 318, 400, 413, 172, 12, 375, 105, 361, 263, 197, 117, 290, 26, 47, 128, 43, 133, 334, 48, 311, 440, 31, 232, 141, 101, 486, 493, 362, 312, 460, 176, 49, 270, 15, 111, 491, 65, 86, 53, 108, 302, 319, 52, 93, 471, 209, 100, 266, 146, 363, 73, 300, 68, 219, 152, 351, 173, 18, 321, 323, 138, 236, 168, 170, 178, 303, 96, 2, 309, 45, 230, 453, 114, 379, 349, 98, 38, 132, 11, 329, 67, 376, 313, 317, 348, 457, 418, 257, 269, 434, 204, 430, 444, 297, 237, 171, 213, 157, 110, 210, 156, 326, 121, 202, 304, 389, 463, 338, 279, 292, 327, 218, 231, 291, 271, 88, 294, 36, 328, 419, 13, 186, 267, 42, 50, 394, 139, 456, 196, 90, 448, 69, 286, 381, 308, 387, 316, 289, 427, 9, 195]"
"11","17.944452047348022","78215.8046875","80492.23006063433","[0, 74, 358, 184, 285, 333, 5, 249, 459, 137, 262, 447, 281, 192, 223, 315, 411, 21, 284, 103, 118, 337, 234, 479, 193, 278, 99, 92, 245, 428, 130, 153, 95, 260, 322, 426, 388, 59, 420, 409, 405, 344, 183, 431, 81, 367, 58, 295, 104, 465, 124, 215, 342, 54, 14, 71, 32, 377, 393, 241, 467, 85, 115, 478, 484, 306, 443, 492, 470, 207, 385, 485, 205, 410, 113, 10, 265, 324, 131, 190, 481, 423, 27, 34, 391, 356, 8, 20, 259, 373, 347, 1, 44, 398, 450, 185, 406, 248, 489, 250, 224, 386, 175, 253, 396, 499, 203, 416, 25, 122, 102, 274, 239, 425, 252, 359, 354, 226, 155, 469, 283, 382, 216, 72, 370, 79, 23, 135, 497, 147, 244, 417, 483, 273, 392, 51, 3, 341, 143, 22, 82, 107, 280, 437, 127, 151, 442, 55, 364, 435, 383, 228, 272, 395, 496, 461, 480, 35, 268, 17, 78, 454, 97, 487, 145, 299, 37, 401, 238, 298, 70, 179, 261, 293, 407, 378, 200, 30, 165, 24, 464, 397, 301, 439, 307, 91, 339, 458, 490, 414, 80, 77, 452, 473, 41, 366, 462, 256, 162, 208, 287, 194, 474, 371, 477, 455, 62, 60, 332, 374, 144, 449, 225, 125, 498, 352, 340, 331, 353, 220, 181, 422, 412, 76, 242, 206, 201, 365, 166, 177, 39, 214, 403, 276, 180, 475, 277, 19, 488, 408, 355, 345, 163, 227, 432, 494, 424, 61, 89, 350, 436, 310, 150, 188, 320, 6, 106, 169, 198, 40, 29, 46, 446, 247, 357, 336, 57, 399, 421, 189, 148, 160, 433, 66, 158, 222, 468, 476, 229, 154, 167, 56, 482, 390, 191, 212, 149, 472, 343, 246, 126, 28, 4, 288, 369, 16, 258, 159, 182, 254, 120, 335, 384, 255, 251, 134, 360, 415, 235, 75, 441, 64, 136, 119, 33, 346, 161, 63, 84, 217, 211, 109, 305, 325, 7, 372, 368, 282, 187, 240, 438, 123, 296, 402, 164, 451, 140, 174, 221, 404, 275, 199, 129, 429, 495, 94, 83, 142, 314, 233, 243, 116, 466, 87, 264, 445, 112, 380, 330, 318, 400, 413, 172, 12, 375, 105, 361, 263, 197, 117, 290, 26, 47, 128, 43, 133, 334, 48, 311, 440, 31, 232, 141, 101, 486, 493, 362, 312, 460, 176, 49, 270, 15, 111, 491, 65, 86, 53, 108, 302, 319, 52, 93, 471, 209, 100, 266, 146, 363, 73, 300, 68, 219, 152, 351, 173, 18, 321, 323, 138, 236, 168, 170, 178, 303, 96, 2, 309, 45, 230, 453, 38, 98, 349, 379, 114, 132, 11, 329, 67, 376, 457, 313, 348, 269, 257, 418, 317, 434, 204, 430, 444, 297, 237, 171, 213, 157, 110, 210, 156, 326, 121, 202, 304, 389, 463, 338, 279, 292, 327, 218, 231, 291, 271, 88, 294, 36, 328, 419, 13, 186, 267, 42, 50, 394, 139, 456, 196, 90, 448, 69, 286, 381, 308, 387, 316, 289, 427, 9, 195]"
"12","19.7088303565979","78184.3203125","80476.54815764926","[0, 74, 358, 184, 285, 333, 5, 249, 459, 137, 262, 447, 281, 192, 223, 315, 411, 21, 284, 103, 118, 337, 234, 479, 193, 278, 99, 92, 245, 428, 130, 153, 95, 260, 322, 426, 388, 59, 420, 409, 405, 344, 183, 431, 81, 367, 58, 295, 104, 465, 124, 215, 342, 54, 14, 71, 32, 377, 393, 241, 467, 85, 115, 478, 484, 306, 443, 492, 470, 207, 385, 485, 205, 410, 113, 10, 265, 324, 131, 190, 481, 423, 27, 34, 391, 356, 8, 20, 259, 373, 347, 1, 44, 398, 450, 185, 406, 248, 489, 250, 224, 386, 175, 253, 396, 499, 203, 416, 25, 122, 102, 274, 239, 425, 252, 359, 354, 226, 155, 469, 283, 382, 216, 72, 370, 79, 23, 135, 497, 147, 244, 417, 483, 273, 392, 51, 3, 341, 143, 22, 82, 107, 280, 437, 127, 151, 442, 55, 364, 435, 383, 228, 272, 395, 496, 461, 480, 35, 268, 17, 78, 454, 97, 487, 145, 299, 37, 401, 238, 298, 70, 179, 261, 293, 407, 378, 200, 30, 165, 24, 464, 397, 301, 439, 307, 91, 339, 458, 490, 414, 80, 77, 452, 473, 41, 366, 462, 256, 162, 208, 287, 194, 474, 371, 477, 455, 62, 60, 332, 374, 144, 449, 225, 125, 498, 352, 340, 331, 353, 220, 181, 422, 412, 76, 242, 206, 201, 365, 166, 177, 39, 214, 403, 276, 180, 475, 277, 19, 488, 408, 355, 345, 163, 227, 432, 494, 424, 61, 89, 350, 436, 310, 150, 188, 320, 6, 106, 169, 198, 40, 29, 46, 446, 247, 357, 336, 57, 399, 421, 189, 148, 160, 433, 66, 158, 222, 468, 476, 229, 154, 167, 56, 482, 390, 191, 212, 149, 472, 343, 246, 126, 28, 4, 288, 369, 16, 258, 159, 182, 254, 120, 335, 384, 255, 251, 134, 360, 415, 235, 75, 441, 64, 136, 119, 33, 346, 161, 63, 84, 217, 211, 109, 305, 325, 7, 372, 368, 282, 187, 240, 438, 123, 296, 402, 164, 451, 140, 174, 221, 404, 275, 199, 129, 429, 495, 94, 83, 142, 314, 233, 243, 116, 466, 87, 264, 445, 112, 380, 330, 318, 400, 413, 172, 12, 375, 105, 361, 263, 197, 117, 290, 26, 47, 128, 43, 133, 334, 48, 311, 440, 31, 232, 141, 101, 486, 493, 362, 312, 460, 176, 49, 270, 15, 111, 491, 65, 86, 53, 108, 302, 319, 52, 93, 471, 209, 100, 266, 146, 363, 73, 300, 68, 219, 152, 351, 173, 18, 321, 323, 138, 236, 168, 170, 178, 303, 96, 2, 309, 45, 230, 453, 38, 98, 349, 379, 114, 132, 11, 329, 67, 376, 317, 313, 457, 348, 257, 418, 269, 434, 204, 430, 444, 297, 237, 171, 213, 157, 110, 210, 156, 326, 121, 202, 304, 389, 463, 338, 279, 292, 327, 218, 231, 291, 271, 88, 294, 36, 328, 419, 13, 186, 267, 42, 50, 394, 139, 456, 196, 90, 448, 69, 286, 381, 308, 387, 316, 289, 427, 9, 195]"
"13","21.474573612213135","78128.265625","80743.95872201493","[0, 74, 358, 184, 285, 333, 5, 249, 459, 137, 262, 447, 281, 192, 223, 315, 411, 21, 284, 103, 118, 337, 234, 479, 193, 278, 99, 92, 245, 428, 130, 153, 95, 260, 322, 426, 388, 59, 420, 409, 405, 344, 183, 431, 81, 367, 58, 295, 104, 465, 124, 215, 342, 54, 14, 71, 32, 377, 393, 241, 467, 85, 115, 478, 484, 306, 443, 492, 470, 207, 385, 485, 205, 410, 113, 10, 265, 324, 131, 190, 481, 423, 27, 34, 391, 356, 8, 20, 259, 373, 347, 1, 44, 398, 450, 185, 406, 248, 489, 250, 224, 386, 175, 253, 396, 499, 203, 416, 25, 122, 102, 274, 239, 425, 252, 359, 354, 226, 155, 469, 283, 382, 216, 72, 370, 79, 23, 135, 497, 147, 244, 417, 483, 273, 392, 51, 3, 341, 143, 22, 82, 107, 280, 437, 127, 151, 442, 55, 364, 435, 395, 272, 228, 383, 496, 461, 480, 35, 268, 17, 78, 454, 97, 487, 145, 299, 37, 401, 238, 298, 70, 179, 261, 293, 407, 378, 200, 30, 165, 24, 464, 397, 301, 439, 307, 91, 339, 458, 490, 414, 80, 77, 452, 473, 41, 366, 462, 256, 162, 208, 287, 194, 474, 371, 477, 455, 62, 60, 332, 374, 144, 449, 225, 125, 498, 352, 340, 331, 353, 220, 181, 422, 412, 76, 242, 206, 201, 365, 166, 177, 39, 214, 403, 276, 180, 475, 277, 19, 488, 408, 355, 345, 163, 227, 432, 494, 424, 61, 89, 350, 436, 310, 150, 188, 320, 6, 106, 169, 198, 40, 29, 46, 446, 247, 357, 336, 57, 399, 421, 189, 148, 160, 433, 66, 158, 222, 468, 476, 229, 154, 167, 56, 482, 390, 191, 212, 149, 472, 343, 246, 126, 28, 4, 288, 369, 16, 258, 159, 182, 254, 120, 335, 384, 255, 251, 134, 360, 415, 235, 75, 441, 64, 136, 119, 33, 346, 161, 63, 84, 217, 211, 109, 305, 325, 7, 372, 368, 282, 187, 240, 438, 123, 296, 402, 164, 451, 140, 174, 221, 404, 275, 199, 129, 429, 495, 94, 83, 142, 314, 233, 243, 116, 466, 87, 264, 445, 112, 380, 330, 318, 400, 413, 172, 12, 375, 105, 361, 263, 197, 117, 290, 26, 47, 128, 43, 133, 334, 48, 311, 440, 31, 232, 141, 101, 486, 493, 362, 312, 460, 176, 49, 270, 15, 111, 491, 65, 86, 53, 108, 302, 319, 52, 93, 471, 209, 100, 266, 146, 363, 73, 300, 68, 219, 152, 351, 173, 18, 321, 323, 138, 236, 168, 170, 178, 303, 96, 2, 309, 45, 230, 453, 114, 379, 349, 98, 38, 132, 11, 329, 67, 376, 317, 457, 313, 348, 257, 418, 269, 434, 204, 430, 444, 297, 237, 171, 213, 157, 110, 210, 156, 326, 121, 202, 304, 389, 463, 338, 279, 292, 327, 218, 231, 291, 271, 88, 294, 36, 328, 419, 13, 186, 267, 42, 50, 394, 139, 456, 196, 90, 448, 69, 286, 381, 308, 387, 316, 289, 427, 9, 195]"
"14","23.238187789916992","78078.5859375","80313.58589863183","[0, 74, 358, 184, 285, 333, 5, 249, 459, 137, 262, 447, 281, 192, 223, 315, 411, 21, 284, 103, 118, 337, 234, 479, 193, 278, 99, 92, 245, 428, 130, 153, 95, 260, 322, 426, 388, 59, 420, 409, 405, 344, 183, 431, 81, 367, 58, 295, 104, 465, 124, 215, 342, 54, 14, 71, 32, 377, 393, 241, 467, 85, 115, 478, 484, 306, 443, 492, 470, 207, 385, 485, 205, 410, 113, 10, 265, 324, 131, 190, 481, 423, 27, 34, 391, 356, 8, 20, 259, 373, 347, 1, 44, 398, 450, 185, 406, 248, 489, 250, 224, 386, 175, 253, 396, 499, 203, 416, 25, 122, 102, 274, 239, 425, 252, 359, 354, 226, 155, 469, 283, 382, 216, 72, 370, 79, 23, 135, 497, 147, 244, 417, 483, 273, 392, 51, 3, 341, 143, 22, 82, 107, 280, 437, 127, 151, 442, 55, 364, 435, 395, 272, 228, 383, 496, 461, 480, 35, 268, 17, 78, 454, 97, 487, 145, 299, 37, 401, 238, 298, 70, 179, 261, 293, 407, 378, 200, 30, 165, 24, 464, 397, 301, 439, 307, 91, 339, 458, 490, 414, 80, 77, 452, 473, 41, 366, 462, 256, 162, 208, 287, 194, 474, 371, 477, 455, 62, 60, 332, 374, 144, 449, 225, 125, 498, 352, 340, 331, 353, 220, 181, 422, 412, 76, 242, 206, 201, 365, 166, 177, 39, 214, 403, 276, 180, 475, 277, 19, 488, 408, 355, 345, 163, 227, 432, 494, 424, 61, 89, 350, 436, 310, 150, 188, 320, 6, 106, 169, 198, 40, 29, 46, 446, 247, 357, 336, 57, 399, 421, 189, 148, 160, 433, 66, 158, 222, 468, 476, 229, 154, 167, 56, 482, 390, 191, 212, 149, 472, 343, 246, 126, 28, 4, 288, 369, 16, 258, 159, 182, 254, 120, 335, 384, 255, 251, 134, 360, 415, 235, 75, 441, 64, 136, 119, 33, 346, 161, 63, 84, 217, 211, 109, 305, 325, 7, 372, 368, 282, 187, 240, 438, 123, 296, 402, 164, 451, 140, 174, 221, 404, 275, 199, 129, 429, 495, 94, 83, 142, 314, 233, 243, 116, 466, 87, 264, 445, 112, 380, 330, 318, 400, 413, 172, 12, 375, 105, 361, 263, 197, 117, 290, 26, 47, 128, 43, 133, 334, 48, 311, 440, 31, 232, 141, 101, 486, 493, 362, 312, 460, 176, 49, 270, 15, 111, 491, 65, 86, 53, 108, 302, 319, 52, 93, 471, 209, 100, 266, 146, 363, 73, 300, 68, 219, 152, 351, 173, 18, 321, 323, 138, 236, 168, 170, 178, 303, 96, 2, 309, 45, 230, 453, 114, 379, 349, 98, 38, 132, 11, 329, 67, 376, 317, 457, 313, 348, 257, 418, 269, 434, 204, 430, 444, 297, 237, 171, 213, 157, 110, 210, 156, 326, 121, 202, 304, 389, 463, 338, 279, 292, 327, 218, 231, 291, 271, 88, 294, 36, 328, 419, 13, 186, 267, 42, 50, 394, 139, 456, 196, 90, 448, 69, 286, 427, 381, 316, 289, 387, 308, 9, 195]"
"15","25.005873680114746","78000.5625","80231.55332711442","[0, 74, 358, 184, 285, 333, 5, 249, 459, 137, 262, 447, 281, 192, 223, 315, 411, 21, 284, 103, 118, 337, 234, 479, 193, 278, 99, 92, 245, 428, 130, 153, 95, 260, 322, 426, 388, 59, 420, 409, 405, 344, 183, 431, 81, 367, 58, 295, 104, 465, 124, 215, 342, 54, 14, 71, 32, 377, 393, 241, 467, 85, 115, 478, 484, 306, 443, 492, 470, 207, 385, 485, 205, 410, 113, 10, 265, 324, 131, 190, 481, 423, 27, 34, 391, 356, 8, 20, 259, 373, 347, 1, 44, 398, 450, 185, 406, 248, 489, 250, 224, 386, 175, 253, 396, 499, 203, 416, 25, 122, 102, 274, 239, 425, 252, 359, 354, 226, 155, 469, 283, 382, 216, 72, 370, 79, 23, 135, 497, 147, 244, 417, 483, 273, 392, 51, 3, 341, 143, 22, 82, 107, 280, 437, 127, 151, 442, 55, 364, 435, 395, 272, 228, 383, 496, 461, 480, 35, 268, 17, 78, 454, 97, 487, 145, 299, 37, 401, 238, 298, 70, 179, 261, 293, 407, 378, 200, 30, 165, 24, 464, 397, 301, 439, 307, 91, 339, 458, 490, 414, 80, 77, 452, 473, 41, 366, 462, 256, 162, 208, 287, 194, 474, 371, 477, 455, 62, 60, 332, 374, 144, 449, 225, 125, 498, 352, 340, 331, 353, 220, 181, 422, 412, 76, 242, 206, 201, 365, 166, 177, 39, 214, 403, 276, 180, 475, 277, 19, 488, 408, 355, 345, 163, 227, 432, 494, 424, 61, 89, 350, 436, 310, 150, 188, 320, 6, 106, 169, 198, 40, 29, 46, 446, 247, 357, 336, 57, 399, 421, 189, 148, 160, 433, 66, 158, 222, 468, 476, 229, 154, 167, 56, 482, 390, 191, 212, 149, 472, 343, 246, 126, 28, 4, 288, 369, 16, 258, 159, 182, 254, 120, 335, 384, 255, 251, 134, 360, 415, 235, 75, 441, 64, 136, 119, 33, 346, 161, 63, 84, 217, 211, 109, 305, 325, 7, 372, 368, 282, 187, 240, 438, 123, 296, 402, 164, 451, 140, 174, 221, 404, 275, 199, 129, 429, 495, 94, 83, 142, 314, 233, 243, 116, 466, 87, 264, 445, 112, 380, 330, 318, 400, 413, 172, 12, 375, 105, 361, 263, 197, 117, 290, 26, 47, 128, 43, 133, 334, 48, 311, 440, 31, 232, 141, 101, 486, 493, 362, 312, 460, 176, 49, 270, 15, 111, 491, 65, 86, 53, 108, 302, 319, 52, 93, 471, 209, 100, 266, 146, 363, 73, 300, 68, 219, 152, 351, 173, 18, 321, 323, 138, 236, 168, 170, 178, 303, 96, 2, 309, 45, 230, 453, 114, 379, 349, 98, 38, 132, 11, 329, 67, 376, 317, 457, 313, 348, 257, 418, 269, 434, 204, 430, 444, 297, 237, 171, 213, 157, 110, 210, 156, 326, 121, 202, 304, 389, 463, 338, 279, 292, 327, 218, 231, 291, 271, 88, 294, 36, 328, 419, 13, 186, 267, 42, 50, 394, 139, 456, 196, 90, 448, 69, 427, 286, 381, 308, 387, 316, 289, 9, 195]"
"16","26.76825213432312","77965.0703125","80125.7732431592","[0, 74, 358, 184, 285, 333, 5, 249, 459, 137, 262, 447, 281, 192, 223, 315, 411, 21, 284, 103, 118, 337, 234, 479, 193, 278, 99, 92, 245, 428, 130, 153, 95, 260, 322, 426, 388, 59, 420, 409, 405, 344, 183, 431, 81, 367, 58, 295, 104, 465, 124, 215, 342, 54, 14, 71, 32, 377, 393, 241, 467, 85, 115, 478, 484, 306, 443, 492, 470, 207, 385, 485, 205, 410, 113, 10, 265, 324, 131, 190, 481, 423, 27, 34, 391, 356, 8, 20, 259, 373, 347, 1, 44, 398, 450, 185, 406, 248, 489, 250, 224, 386, 175, 253, 396, 499, 203, 416, 25, 122, 102, 274, 239, 425, 252, 359, 354, 226, 155, 469, 283, 382, 216, 72, 370, 79, 23, 135, 497, 147, 244, 417, 483, 273, 392, 51, 3, 341, 143, 22, 82, 107, 280, 437, 127, 151, 442, 55, 364, 435, 395, 272, 228, 383, 496, 461, 480, 35, 268, 17, 78, 454, 97, 487, 145, 299, 37, 401, 238, 298, 70, 179, 261, 293, 407, 378, 200, 30, 165, 24, 464, 397, 301, 439, 307, 91, 339, 458, 490, 414, 80, 77, 452, 473, 41, 366, 462, 256, 162, 208, 287, 194, 474, 371, 477, 455, 62, 60, 332, 374, 144, 449, 225, 125, 498, 352, 340, 331, 353, 220, 181, 422, 412, 76, 242, 206, 201, 365, 166, 177, 39, 214, 403, 276, 180, 475, 277, 19, 488, 408, 355, 345, 163, 227, 432, 494, 424, 61, 89, 350, 436, 310, 188, 150, 320, 6, 106, 169, 198, 40, 29, 46, 446, 247, 357, 336, 57, 399, 421, 189, 148, 160, 433, 66, 158, 222, 468, 476, 229, 154, 167, 56, 482, 390, 191, 212, 149, 472, 343, 246, 126, 28, 4, 288, 369, 16, 258, 159, 182, 254, 120, 335, 384, 255, 251, 134, 360, 415, 235, 75, 441, 64, 136, 119, 33, 346, 161, 63, 84, 217, 211, 109, 305, 325, 7, 372, 368, 282, 187, 240, 438, 123, 296, 402, 164, 451, 140, 174, 221, 404, 275, 199, 129, 429, 495, 94, 83, 142, 314, 233, 243, 116, 466, 87, 264, 445, 112, 380, 330, 318, 400, 413, 172, 12, 375, 105, 361, 263, 197, 117, 290, 26, 47, 128, 43, 133, 334, 48, 311, 440, 31, 232, 141, 101, 486, 493, 362, 312, 460, 176, 49, 270, 15, 111, 491, 65, 86, 53, 108, 302, 319, 52, 93, 471, 209, 100, 266, 146, 363, 73, 300, 68, 219, 152, 351, 173, 18, 321, 323, 138, 236, 168, 170, 178, 303, 96, 2, 309, 45, 230, 453, 38, 98, 349, 379, 114, 132, 11, 329, 67, 376, 457, 317, 313, 348, 257, 418, 269, 434, 204, 430, 444, 297, 237, 171, 213, 157, 110, 210, 156, 326, 121, 202, 304, 389, 463, 338, 279, 292, 327, 218, 231, 291, 271, 88, 294, 36, 328, 419, 13, 186, 267, 42, 50, 394, 139, 456, 196, 90, 448, 69, 427, 286, 381, 308, 387, 316, 289, 9, 195]"
"17","28.52974772453308","77818.7578125","80055.17335199004","[0, 74, 358, 184, 285, 333, 5, 249, 459, 137, 262, 447, 281, 192, 223, 315, 411, 21, 284, 103, 118, 337, 234, 479, 193, 278, 99, 92, 245, 428, 130, 153, 95, 260, 322, 426, 388, 59, 420, 409, 405, 344, 183, 431, 81, 367, 58, 295, 104, 465, 124, 215, 342, 14, 54, 71, 377, 32, 393, 241, 467, 85, 115, 478, 484, 306, 443, 492, 470, 207, 385, 485, 205, 410, 113, 10, 265, 324, 131, 190, 481, 423, 27, 34, 391, 356, 8, 20, 259, 373, 347, 1, 44, 398, 185, 450, 489, 406, 248, 250, 224, 386, 175, 253, 396, 499, 203, 25, 416, 122, 274, 102, 239, 425, 252, 359, 354, 226, 155, 469, 283, 382, 216, 72, 370, 79, 23, 135, 497, 147, 244, 417, 483, 273, 392, 51, 3, 341, 143, 22, 82, 107, 280, 437, 127, 151, 442, 55, 364, 435, 395, 272, 228, 383, 496, 461, 480, 35, 268, 17, 78, 454, 97, 487, 145, 299, 37, 401, 238, 298, 70, 179, 261, 293, 407, 378, 200, 30, 165, 24, 464, 397, 301, 439, 307, 91, 339, 458, 490, 414, 80, 77, 452, 473, 41, 366, 462, 256, 162, 208, 287, 194, 474, 371, 477, 455, 62, 60, 332, 374, 144, 449, 225, 125, 498, 352, 340, 331, 353, 220, 181, 422, 412, 76, 242, 206, 201, 365, 166, 177, 39, 214, 403, 276, 180, 475, 277, 19, 488, 408, 355, 345, 163, 227, 432, 494, 424, 61, 89, 350, 436, 310, 188, 150, 320, 6, 106, 169, 198, 40, 29, 46, 446, 247, 357, 336, 57, 399, 421, 189, 148, 160, 433, 66, 158, 222, 468, 476, 229, 154, 167, 56, 482, 390, 191, 212, 149, 472, 343, 246, 126, 28, 4, 288, 369, 16, 258, 159, 182, 254, 120, 335, 384, 255, 251, 134, 360, 415, 235, 75, 441, 64, 136, 119, 33, 346, 161, 63, 84, 217, 211, 109, 305, 325, 7, 372, 368, 282, 187, 240, 438, 123, 296, 402, 164, 451, 140, 174, 221, 404, 275, 199, 129, 429, 495, 94, 83, 142, 314, 233, 243, 116, 466, 87, 264, 445, 112, 380, 330, 318, 400, 413, 172, 12, 375, 105, 361, 263, 197, 117, 290, 26, 47, 128, 43, 133, 334, 48, 311, 440, 31, 232, 141, 101, 486, 493, 362, 312, 460, 176, 49, 270, 15, 111, 491, 65, 86, 53, 108, 302, 319, 52, 93, 471, 209, 100, 266, 146, 363, 73, 300, 68, 219, 152, 351, 173, 18, 321, 323, 138, 236, 168, 170, 178, 303, 96, 2, 309, 45, 230, 453, 114, 379, 349, 98, 38, 132, 11, 329, 67, 376, 317, 457, 313, 348, 257, 418, 269, 434, 204, 430, 444, 297, 237, 171, 213, 157, 110, 210, 156, 326, 121, 202, 304, 389, 463, 338, 279, 292, 327, 218, 231, 291, 271, 88, 294, 36, 328, 419, 13, 186, 267, 42, 50, 394, 139, 456, 196, 90, 448, 69, 427, 286, 381, 308, 387, 316, 289, 9, 195]"
"18","30.28954029083252","77787.796875","79967.35541044777","[0, 74, 358, 184, 285, 333, 5, 249, 459, 137, 262, 447, 281, 192, 223, 315, 411, 21, 284, 103, 118, 337, 234, 479, 193, 278, 99, 92, 245, 428, 130, 153, 95, 260, 322, 426, 388, 59, 420, 409, 405, 344, 183, 431, 81, 367, 58, 295, 104, 465, 215, 124, 342, 14, 54, 377, 71, 32, 393, 241, 467, 85, 115, 478, 484, 306, 443, 492, 470, 207, 385, 485, 205, 410, 113, 10, 265, 324, 131, 190, 481, 423, 27, 34, 391, 356, 8, 20, 259, 373, 347, 1, 44, 398, 450, 185, 406, 248, 489, 250, 224, 386, 175, 253, 396, 499, 203, 25, 416, 122, 274, 102, 239, 425, 252, 359, 354, 226, 155, 469, 283, 382, 216, 72, 370, 79, 23, 135, 497, 147, 244, 417, 483, 273, 392, 51, 3, 341, 143, 22, 82, 107, 280, 437, 127, 151, 442, 55, 364, 435, 395, 272, 228, 383, 496, 461, 480, 35, 268, 17, 78, 454, 97, 487, 145, 299, 37, 401, 238, 298, 70, 179, 261, 293, 407, 378, 200, 30, 165, 24, 464, 397, 301, 439, 307, 91, 339, 458, 490, 414, 80, 77, 452, 473, 41, 366, 462, 256, 162, 208, 287, 194, 474, 371, 477, 455, 62, 60, 332, 374, 144, 449, 225, 125, 498, 352, 340, 331, 353, 220, 181, 422, 412, 76, 242, 206, 201, 365, 166, 177, 39, 214, 403, 276, 180, 475, 277, 19, 488, 408, 355, 345, 163, 227, 432, 494, 424, 61, 89, 350, 436, 310, 188, 150, 320, 6, 106, 169, 198, 40, 29, 46, 446, 247, 357, 336, 57, 399, 421, 189, 148, 160, 433, 66, 158, 222, 468, 476, 229, 154, 167, 56, 482, 390, 191, 212, 149, 472, 343, 246, 126, 28, 4, 288, 369, 16, 258, 159, 182, 254, 120, 335, 384, 255, 251, 134, 360, 415, 235, 75, 441, 64, 136, 119, 33, 346, 161, 63, 84, 217, 211, 109, 305, 325, 7, 372, 368, 282, 187, 240, 438, 123, 296, 402, 164, 451, 140, 174, 221, 404, 275, 199, 129, 429, 495, 94, 83, 142, 314, 233, 243, 116, 466, 87, 264, 445, 112, 380, 330, 318, 400, 413, 172, 12, 375, 105, 361, 263, 197, 117, 290, 26, 47, 128, 43, 133, 334, 48, 311, 440, 31, 232, 141, 101, 486, 493, 362, 312, 460, 176, 49, 270, 15, 111, 491, 65, 86, 53, 108, 302, 319, 52, 93, 471, 209, 100, 266, 146, 363, 73, 300, 68, 219, 152, 351, 173, 18, 321, 323, 138, 236, 168, 170, 178, 303, 96, 2, 309, 45, 230, 453, 114, 379, 349, 98, 38, 132, 11, 329, 67, 376, 317, 457, 313, 348, 257, 418, 269, 434, 204, 430, 444, 297, 237, 171, 213, 157, 110, 210, 156, 326, 121, 202, 304, 389, 463, 338, 279, 292, 327, 218, 231, 291, 271, 88, 294, 36, 328, 419, 13, 186, 267, 42, 50, 394, 139, 456, 196, 90, 448, 69, 427, 286, 381, 308, 387, 316, 289, 9, 195]"
"19","32.05656290054321","77757.46875","80014.85358364428","[0, 74, 358, 184, 285, 333, 5, 249, 459, 137, 262, 447, 281, 192, 223, 315, 411, 21, 284, 103, 118, 337, 234, 479, 193, 278, 99, 92, 245, 428, 130, 153, 95, 260, 322, 426, 388, 59, 420, 409, 405, 344, 183, 431, 81, 367, 58, 295, 104, 465, 215, 124, 342, 14, 54, 377, 71, 32, 393, 241, 467, 85, 115, 478, 484, 306, 443, 492, 470, 207, 385, 485, 205, 410, 113, 10, 265, 324, 131, 190, 481, 423, 27, 34, 391, 356, 8, 20, 259, 373, 347, 1, 44, 398, 450, 185, 406, 248, 489, 250, 224, 386, 175, 253, 396, 499, 203, 25, 416, 122, 274, 102, 239, 425, 252, 359, 354, 226, 155, 469, 283, 382, 216, 72, 370, 79, 23, 135, 497, 147, 244, 417, 483, 273, 392, 51, 3, 341, 143, 22, 82, 107, 280, 437, 127, 151, 442, 55, 364, 435, 395, 272, 228, 383, 496, 461, 480, 35, 268, 17, 78, 454, 97, 487, 145, 299, 37, 401, 238, 298, 70, 179, 261, 293, 407, 378, 200, 30, 165, 24, 464, 397, 301, 439, 307, 91, 339, 458, 490, 414, 80, 77, 452, 473, 41, 366, 462, 256, 162, 208, 287, 194, 474, 371, 477, 455, 62, 60, 332, 374, 144, 449, 225, 125, 498, 352, 340, 331, 353, 220, 181, 422, 412, 76, 242, 206, 201, 365, 166, 177, 39, 214, 403, 276, 180, 475, 277, 19, 488, 408, 355, 345, 163, 227, 432, 494, 424, 61, 89, 350, 436, 310, 188, 150, 320, 6, 106, 169, 198, 40, 29, 46, 446, 247, 357, 336, 57, 399, 421, 189, 148, 160, 433, 66, 158, 222, 468, 476, 229, 154, 167, 56, 482, 390, 191, 212, 149, 472, 343, 246, 126, 28, 4, 288, 369, 16, 258, 159, 182, 254, 120, 335, 384, 255, 251, 134, 360, 415, 235, 75, 441, 64, 136, 119, 33, 346, 161, 63, 84, 217, 211, 109, 305, 325, 7, 372, 368, 282, 187, 240, 438, 123, 296, 402, 164, 451, 140, 174, 221, 404, 275, 199, 129, 429, 495, 94, 83, 142, 314, 233, 243, 116, 466, 87, 264, 445, 112, 380, 330, 318, 400, 413, 172, 12, 375, 105, 361, 263, 197, 117, 290, 26, 47, 128, 43, 133, 334, 48, 311, 440, 31, 232, 141, 101, 486, 493, 362, 312, 460, 176, 49, 270, 15, 111, 491, 65, 86, 53, 108, 302, 319, 52, 93, 471, 209, 100, 266, 146, 363, 73, 300, 68, 219, 152, 351, 173, 18, 321, 323, 138, 236, 168, 170, 178, 303, 96, 2, 309, 45, 230, 453, 114, 379, 349, 98, 38, 132, 11, 329, 67, 376, 457, 317, 313, 348, 257, 418, 269, 434, 204, 430, 444, 297, 237, 171, 213, 157, 110, 210, 156, 326, 121, 202, 304, 389, 463, 338, 279, 292, 327, 218, 231, 291, 271, 88, 294, 36, 328, 419, 13, 186, 267, 42, 50, 394, 139, 456, 196, 90, 448, 69, 427, 286, 381, 308, 387, 316, 289, 9, 195]"
"20","33.81534481048584","77691.328125","80002.64808768657","[0, 74, 358, 184, 285, 333, 5, 249, 459, 137, 262, 447, 281, 192, 223, 315, 411, 21, 284, 103, 118, 337, 234, 479, 193, 278, 99, 92, 245, 428, 130, 153, 95, 260, 322, 426, 388, 59, 420, 409, 405, 344, 183, 431, 81, 367, 58, 295, 104, 465, 124, 215, 342, 14, 54, 377, 71, 32, 393, 241, 467, 85, 115, 478, 484, 306, 443, 492, 470, 207, 385, 485, 205, 410, 113, 10, 265, 324, 131, 190, 481, 423, 27, 34, 391, 356, 8, 20, 259, 373, 347, 1, 44, 398, 450, 185, 406, 248, 489, 250, 224, 386, 175, 253, 396, 499, 203, 25, 416, 122, 274, 102, 239, 425, 252, 359, 354, 226, 155, 469, 283, 382, 216, 72, 370, 79, 23, 135, 497, 147, 244, 417, 483, 273, 392, 51, 3, 341, 143, 22, 82, 107, 280, 437, 127, 151, 442, 55, 364, 435, 395, 272, 228, 383, 496, 461, 480, 35, 268, 17, 78, 454, 97, 487, 145, 299, 37, 401, 238, 298, 70, 179, 261, 293, 407, 378, 200, 30, 165, 24, 464, 397, 301, 439, 307, 91, 339, 458, 490, 414, 80, 77, 452, 473, 41, 366, 462, 256, 162, 208, 287, 194, 474, 371, 477, 455, 62, 60, 332, 374, 144, 449, 225, 125, 498, 352, 340, 331, 353, 220, 181, 422, 412, 76, 242, 206, 201, 365, 166, 177, 39, 214, 403, 276, 180, 475, 277, 19, 488, 408, 355, 345, 163, 227, 432, 494, 424, 61, 89, 350, 436, 310, 150, 188, 320, 6, 106, 169, 198, 40, 29, 46, 446, 247, 357, 336, 57, 399, 421, 189, 148, 160, 433, 66, 158, 222, 468, 476, 229, 154, 167, 56, 482, 390, 191, 212, 149, 472, 343, 246, 126, 28, 4, 288, 369, 16, 258, 159, 182, 254, 120, 335, 384, 255, 251, 134, 360, 415, 235, 75, 441, 64, 136, 119, 33, 346, 161, 63, 84, 217, 211, 109, 305, 325, 7, 372, 368, 282, 187, 240, 438, 123, 296, 402, 164, 451, 140, 174, 221, 404, 275, 199, 129, 429, 495, 94, 83, 142, 314, 233, 243, 116, 466, 87, 264, 445, 112, 380, 330, 318, 400, 413, 172, 12, 375, 105, 361, 263, 197, 117, 290, 26, 47, 128, 43, 133, 334, 48, 311, 440, 31, 232, 141, 101, 486, 493, 362, 312, 460, 176, 49, 270, 15, 111, 491, 65, 86, 53, 108, 302, 319, 52, 93, 471, 209, 100, 266, 146, 363, 73, 300, 68, 219, 152, 351, 173, 18, 321, 323, 138, 236, 168, 170, 178, 303, 96, 2, 309, 45, 230, 453, 114, 379, 349, 98, 38, 132, 11, 329, 67, 376, 457, 317, 313, 348, 257, 418, 269, 434, 204, 430, 444, 297, 237, 171, 213, 157, 110, 210, 156, 326, 121, 202, 304, 389, 463, 338, 279, 292, 327, 218, 231, 291, 271, 88, 294, 36, 328, 419, 13, 186, 267, 42, 50, 394, 139, 456, 196, 90, 448, 69, 427, 286, 381, 308, 387, 316, 289, 9, 195]"
"21","35.572543144226074","77650.8828125","79838.24043843284","[0, 74, 358, 184, 285, 333, 5, 249, 459, 137, 262, 447, 281, 192, 223, 315, 411, 21, 284, 103, 118, 337, 234, 479, 193, 278, 99, 92, 245, 428, 130, 153, 95, 260, 322, 426, 388, 59, 420, 409, 405, 344, 183, 431, 81, 367, 58, 295, 104, 465, 124, 215, 342, 14, 54, 377, 71, 32, 393, 241, 467, 85, 115, 478, 484, 306, 443, 492, 470, 207, 385, 485, 205, 410, 113, 10, 265, 324, 131, 190, 481, 423, 27, 34, 391, 356, 8, 20, 259, 373, 347, 1, 44, 398, 450, 185, 406, 248, 489, 250, 224, 386, 175, 253, 396, 499, 203, 25, 416, 122, 274, 102, 239, 425, 252, 359, 354, 226, 155, 469, 283, 382, 216, 72, 370, 79, 23, 135, 497, 147, 244, 417, 483, 273, 392, 51, 3, 341, 143, 22, 82, 107, 280, 437, 127, 151, 442, 55, 364, 435, 395, 272, 228, 383, 496, 461, 268, 35, 480, 17, 78, 454, 97, 487, 145, 299, 37, 401, 238, 298, 70, 179, 261, 293, 407, 378, 200, 30, 165, 24, 464, 397, 301, 439, 307, 91, 339, 458, 490, 414, 80, 77, 452, 473, 41, 366, 462, 256, 162, 208, 287, 194, 474, 371, 477, 455, 62, 60, 332, 374, 144, 449, 225, 125, 498, 352, 340, 331, 353, 220, 181, 422, 412, 76, 242, 206, 201, 365, 166, 177, 39, 214, 403, 276, 180, 475, 277, 19, 488, 408, 355, 345, 163, 227, 432, 494, 424, 61, 89, 350, 436, 310, 188, 150, 320, 6, 106, 169, 198, 40, 29, 46, 446, 247, 357, 336, 57, 399, 421, 189, 148, 160, 433, 66, 158, 222, 468, 476, 229, 154, 167, 56, 482, 390, 191, 212, 149, 472, 343, 246, 126, 28, 4, 288, 369, 16, 258, 159, 182, 254, 120, 335, 384, 255, 251, 134, 360, 415, 235, 75, 441, 64, 136, 119, 33, 346, 161, 63, 84, 217, 211, 109, 305, 325, 7, 372, 368, 282, 187, 240, 438, 123, 296, 402, 164, 451, 140, 174, 221, 404, 275, 199, 129, 429, 495, 94, 83, 142, 314, 233, 243, 116, 466, 87, 264, 445, 112, 380, 330, 318, 400, 413, 172, 12, 375, 105, 361, 263, 197, 117, 290, 26, 47, 128, 43, 133, 334, 48, 311, 440, 31, 232, 141, 101, 486, 493, 362, 312, 460, 176, 49, 270, 15, 111, 491, 65, 86, 53, 108, 302, 319, 52, 93, 471, 209, 100, 266, 146, 363, 73, 300, 68, 219, 152, 351, 173, 18, 321, 323, 138, 236, 168, 170, 178, 303, 96, 2, 309, 45, 230, 453, 114, 379, 349, 98, 38, 132, 11, 329, 67, 376, 457, 317, 313, 348, 257, 418, 269, 434, 204, 430, 444, 297, 237, 171, 213, 157, 110, 210, 156, 326, 121, 202, 304, 389, 463, 338, 279, 292, 327, 218, 231, 291, 271, 88, 294, 36, 328, 419, 13, 186, 267, 42, 50, 394, 139, 456, 196, 90, 448, 69, 427, 286, 381, 308, 387, 316, 289, 9, 195]"
"22","37.3301796913147","77588.6875","79748.47073227612","[0, 74, 358, 184, 285, 333, 5, 249, 459, 137, 262, 447, 281, 192, 223, 315, 411, 21, 284, 103, 118, 337, 234, 479, 193, 278, 99, 92, 245, 428, 130, 153, 95, 260, 322, 426, 388, 59, 420, 409, 405, 344, 183, 431, 81, 367, 58, 295, 104, 465, 124, 215, 342, 14, 54, 377, 71, 32, 393, 241, 467, 85, 115, 478, 484, 306, 443, 492, 470, 207, 385, 485, 205, 410, 113, 10, 265, 324, 131, 190, 481, 423, 27, 34, 391, 356, 8, 20, 259, 373, 347, 1, 44, 398, 450, 185, 406, 248, 489, 250, 224, 386, 175, 253, 396, 499, 203, 25, 416, 122, 274, 102, 239, 425, 252, 359, 354, 226, 155, 469, 283, 382, 216, 72, 370, 79, 23, 135, 497, 147, 244, 417, 483, 273, 392, 51, 3, 341, 143, 22, 82, 107, 280, 437, 127, 151, 442, 55, 364, 435, 395, 272, 228, 383, 496, 461, 268, 35, 480, 17, 78, 454, 97, 487, 145, 299, 37, 401, 238, 298, 70, 179, 261, 293, 407, 378, 200, 30, 165, 24, 464, 397, 301, 439, 307, 91, 339, 458, 490, 414, 80, 77, 452, 473, 41, 366, 462, 256, 162, 208, 287, 194, 474, 371, 477, 455, 62, 60, 332, 374, 144, 449, 225, 125, 498, 352, 340, 331, 353, 220, 181, 422, 412, 76, 242, 206, 201, 365, 166, 177, 39, 214, 403, 276, 180, 475, 277, 19, 488, 408, 355, 345, 163, 227, 432, 494, 424, 61, 89, 350, 436, 310, 188, 150, 320, 6, 106, 169, 198, 40, 29, 46, 446, 247, 357, 336, 57, 399, 421, 189, 148, 160, 433, 66, 158, 222, 468, 476, 229, 154, 167, 56, 482, 390, 191, 212, 149, 472, 343, 246, 126, 28, 4, 288, 369, 16, 258, 159, 182, 254, 120, 335, 384, 255, 251, 134, 360, 415, 235, 75, 441, 64, 136, 119, 33, 346, 161, 63, 84, 217, 211, 109, 305, 325, 7, 372, 368, 282, 187, 240, 438, 123, 296, 402, 164, 451, 140, 174, 221, 404, 275, 199, 129, 429, 495, 94, 83, 142, 314, 233, 243, 116, 466, 87, 264, 445, 112, 380, 330, 318, 400, 413, 172, 12, 375, 105, 361, 263, 197, 117, 290, 26, 47, 128, 43, 133, 334, 48, 311, 440, 31, 232, 141, 101, 486, 493, 362, 312, 460, 176, 49, 270, 15, 111, 491, 65, 86, 53, 108, 302, 319, 52, 93, 471, 209, 100, 266, 146, 363, 73, 300, 68, 219, 152, 351, 173, 18, 321, 323, 138, 236, 168, 170, 178, 303, 96, 2, 309, 45, 230, 453, 114, 379, 349, 98, 38, 132, 11, 329, 67, 376, 457, 317, 313, 348, 257, 418, 269, 434, 204, 430, 444, 297, 237, 171, 213, 157, 110, 210, 156, 326, 121, 202, 304, 389, 463, 338, 279, 292, 327, 218, 231, 291, 271, 88, 294, 36, 328, 419, 13, 42, 186, 267, 50, 394, 139, 456, 196, 90, 448, 69, 286, 427, 381, 308, 387, 316, 289, 9, 195]"
"23","39.0905020236969","77572.5","79822.45844993781","[0, 74, 358, 184, 285, 333, 5, 249, 459, 137, 262, 447, 281, 192, 223, 315, 411, 21, 284, 103, 118, 337, 234, 479, 193, 278, 99, 92, 245, 428, 130, 153, 95, 260, 322, 426, 388, 59, 420, 409, 405, 344, 58, 295, 183, 81, 367, 431, 104, 465, 124, 215, 342, 14, 54, 377, 71, 32, 393, 241, 467, 85, 115, 478, 484, 306, 443, 492, 470, 207, 385, 485, 205, 410, 113, 10, 265, 324, 131, 190, 481, 423, 27, 34, 391, 356, 8, 20, 259, 373, 347, 1, 44, 398, 450, 185, 406, 248, 489, 250, 224, 386, 175, 253, 396, 499, 203, 25, 416, 122, 274, 102, 239, 425, 252, 359, 354, 226, 155, 469, 283, 382, 216, 72, 370, 79, 23, 135, 497, 147, 244, 417, 483, 273, 392, 51, 3, 341, 143, 22, 82, 107, 280, 437, 127, 151, 442, 55, 364, 435, 395, 272, 228, 383, 496, 461, 268, 35, 480, 17, 78, 454, 97, 487, 145, 299, 37, 401, 238, 298, 70, 179, 261, 293, 407, 378, 200, 30, 165, 24, 464, 397, 301, 439, 307, 91, 339, 458, 490, 414, 80, 77, 452, 473, 41, 366, 462, 256, 162, 208, 287, 194, 474, 371, 477, 455, 62, 60, 332, 374, 144, 449, 225, 125, 498, 352, 340, 331, 353, 220, 181, 422, 412, 76, 242, 206, 201, 365, 166, 177, 39, 214, 403, 276, 180, 475, 277, 19, 488, 408, 355, 345, 163, 227, 432, 494, 424, 61, 89, 350, 436, 310, 188, 150, 320, 6, 106, 169, 198, 40, 29, 46, 446, 247, 357, 336, 57, 399, 421, 189, 148, 160, 433, 66, 158, 222, 468, 476, 229, 154, 167, 56, 482, 390, 191, 212, 149, 472, 343, 246, 126, 28, 4, 288, 369, 16, 258, 159, 182, 254, 120, 335, 384, 255, 251, 134, 360, 415, 235, 75, 441, 64, 136, 119, 33, 346, 161, 63, 84, 217, 211, 109, 305, 325, 7, 372, 368, 282, 187, 240, 438, 123, 296, 402, 164, 451, 140, 174, 221, 404, 275, 199, 129, 429, 495, 94, 83, 142, 314, 233, 243, 116, 466, 87, 264, 445, 112, 380, 330, 318, 400, 413, 172, 12, 375, 105, 361, 263, 197, 117, 290, 26, 47, 128, 43, 133, 334, 48, 311, 440, 31, 232, 141, 101, 486, 493, 362, 312, 460, 176, 49, 270, 15, 111, 491, 65, 86, 53, 108, 302, 319, 52, 93, 471, 209, 100, 266, 146, 363, 73, 300, 68, 219, 152, 351, 173, 18, 321, 323, 138, 236, 168, 170, 178, 303, 96, 2, 309, 45, 230, 453, 114, 379, 349, 98, 38, 132, 11, 329, 67, 376, 457, 317, 313, 348, 257, 418, 269, 434, 204, 430, 444, 297, 237, 171, 213, 157, 110, 210, 156, 326, 121, 202, 304, 389, 463, 338, 279, 292, 327, 218, 231, 291, 271, 88, 294, 36, 328, 419, 13, 42, 186, 267, 50, 394, 139, 456, 196, 90, 448, 69, 427, 286, 381, 308, 387, 316, 289, 9, 195]"
"24","40.85476469993591","77567.0234375","79690.34849191543","[0, 74, 358, 184, 285, 333, 5, 249, 459, 137, 262, 447, 281, 192, 223, 315, 411, 21, 284, 103, 118, 337, 234, 479, 193, 278, 99, 92, 245, 428, 130, 153, 95, 260, 322, 426, 388, 59, 420, 409, 405, 344, 58, 295, 183, 81, 367, 431, 104, 465, 124, 215, 342, 14, 54, 377, 71, 32, 393, 241, 467, 85, 115, 478, 484, 306, 443, 492, 470, 207, 385, 485, 205, 410, 113, 10, 265, 324, 131, 190, 481, 423, 27, 34, 391, 356, 8, 20, 259, 373, 347, 1, 44, 398, 450, 185, 406, 248, 489, 250, 224, 386, 175, 253, 396, 499, 203, 25, 416, 122, 274, 102, 239, 425, 252, 359, 354, 226, 155, 469, 283, 382, 216, 72, 370, 79, 23, 135, 497, 147, 244, 417, 483, 273, 392, 51, 3, 341, 143, 22, 82, 107, 280, 437, 127, 151, 442, 55, 364, 435, 395, 272, 228, 383, 496, 461, 268, 35, 480, 17, 78, 454, 97, 487, 145, 299, 37, 401, 238, 298, 70, 179, 261, 293, 407, 378, 200, 30, 165, 24, 464, 397, 301, 439, 307, 91, 339, 458, 490, 414, 80, 77, 452, 473, 41, 366, 462, 256, 162, 208, 287, 194, 474, 371, 477, 455, 62, 60, 332, 374, 144, 449, 225, 125, 498, 352, 340, 331, 353, 220, 181, 422, 412, 76, 242, 206, 201, 365, 166, 177, 39, 214, 403, 276, 180, 475, 277, 19, 488, 408, 355, 345, 163, 227, 432, 494, 424, 61, 89, 350, 436, 310, 188, 150, 320, 6, 106, 169, 198, 40, 29, 46, 446, 247, 357, 336, 57, 399, 421, 189, 148, 160, 433, 66, 158, 222, 468, 476, 229, 154, 167, 56, 482, 390, 191, 212, 149, 472, 343, 246, 126, 28, 4, 288, 369, 16, 258, 159, 182, 254, 120, 335, 384, 255, 251, 134, 360, 415, 235, 75, 441, 64, 136, 119, 33, 346, 161, 63, 84, 217, 211, 109, 305, 325, 7, 372, 368, 282, 187, 240, 438, 123, 296, 402, 164, 451, 140, 174, 221, 404, 275, 199, 129, 429, 495, 94, 83, 142, 314, 233, 243, 116, 466, 87, 264, 445, 112, 380, 330, 318, 400, 413, 172, 12, 375, 105, 361, 263, 197, 117, 290, 26, 47, 128, 43, 133, 334, 48, 311, 440, 31, 232, 141, 101, 486, 493, 362, 312, 460, 176, 49, 270, 15, 111, 491, 65, 86, 53, 108, 302, 319, 52, 93, 471, 209, 100, 266, 146, 363, 73, 300, 68, 219, 152, 351, 173, 18, 321, 323, 138, 236, 168, 170, 178, 303, 96, 2, 309, 45, 230, 453, 114, 379, 349, 98, 38, 132, 11, 329, 67, 376, 457, 317, 313, 348, 257, 418, 269, 434, 204, 430, 444, 297, 237, 171, 213, 157, 110, 210, 156, 326, 121, 202, 304, 389, 463, 338, 279, 292, 327, 218, 231, 291, 271, 88, 294, 36, 328, 419, 13, 42, 186, 267, 50, 394, 139, 456, 196, 90, 448, 69, 286, 427, 381, 308, 387, 316, 289, 9, 195]"
"25","42.622053384780884","77505.140625","79727.53529228855","[0, 74, 285, 333, 5, 249, 459, 137, 262, 447, 281, 192, 223, 315, 411, 21, 284, 103, 118, 337, 234, 479, 193, 278, 99, 92, 245, 428, 130, 153, 95, 260, 322, 426, 388, 59, 420, 409, 405, 344, 58, 295, 183, 81, 367, 431, 104, 465, 124, 215, 342, 14, 54, 377, 71, 32, 393, 241, 467, 85, 115, 478, 484, 306, 443, 492, 470, 207, 385, 485, 205, 410, 113, 10, 265, 324, 131, 190, 481, 423, 27, 34, 391, 356, 8, 20, 259, 373, 347, 1, 44, 398, 450, 185, 406, 248, 489, 250, 224, 386, 175, 253, 396, 499, 203, 25, 416, 122, 274, 102, 239, 425, 252, 359, 354, 226, 155, 469, 283, 382, 216, 72, 370, 79, 23, 135, 497, 147, 244, 417, 483, 273, 392, 51, 3, 341, 143, 22, 82, 107, 280, 437, 127, 151, 442, 55, 364, 435, 395, 272, 228, 383, 496, 461, 268, 35, 480, 17, 78, 454, 97, 487, 145, 299, 37, 401, 238, 298, 70, 179, 261, 293, 407, 378, 200, 30, 165, 24, 464, 397, 301, 439, 307, 91, 339, 458, 490, 414, 80, 77, 452, 473, 41, 366, 462, 256, 162, 208, 287, 194, 474, 371, 477, 455, 62, 60, 332, 374, 144, 449, 225, 125, 498, 352, 340, 331, 353, 220, 181, 422, 412, 76, 242, 206, 201, 365, 166, 177, 39, 214, 403, 276, 180, 475, 277, 19, 488, 408, 355, 345, 163, 227, 432, 494, 424, 61, 89, 350, 436, 310, 188, 150, 320, 6, 106, 169, 198, 40, 29, 46, 446, 247, 357, 336, 57, 399, 421, 189, 148, 160, 433, 66, 158, 222, 468, 476, 229, 154, 167, 56, 482, 390, 191, 212, 149, 472, 343, 246, 126, 28, 4, 288, 369, 16, 258, 159, 182, 254, 120, 335, 384, 255, 251, 134, 360, 415, 235, 75, 441, 64, 136, 119, 33, 346, 161, 63, 84, 217, 211, 109, 305, 325, 7, 372, 368, 282, 187, 240, 438, 123, 296, 402, 164, 451, 140, 174, 221, 404, 275, 199, 129, 429, 495, 94, 83, 142, 314, 233, 243, 116, 466, 87, 264, 445, 112, 380, 330, 318, 400, 413, 172, 12, 375, 105, 361, 263, 197, 117, 290, 26, 47, 128, 43, 133, 334, 48, 311, 440, 31, 232, 141, 101, 486, 493, 362, 312, 460, 176, 49, 270, 15, 111, 491, 65, 86, 53, 108, 302, 319, 52, 93, 471, 209, 100, 266, 146, 363, 73, 300, 68, 219, 152, 351, 173, 18, 321, 323, 138, 236, 168, 170, 178, 303, 96, 2, 309, 45, 230, 453, 114, 379, 349, 98, 38, 132, 11, 329, 67, 376, 457, 317, 313, 348, 257, 418, 269, 434, 204, 430, 444, 297, 237, 171, 213, 157, 110, 210, 156, 326, 121, 202, 304, 389, 463, 338, 279, 292, 327, 218, 231, 291, 271, 88, 294, 36, 328, 419, 13, 42, 186, 267, 50, 394, 139, 456, 196, 90, 448, 69, 427, 286, 381, 308, 387, 316, 289, 9, 358, 195, 184]"
"26","44.38289713859558","77497.0859375","79742.3635727612","[0, 74, 358, 184, 285, 333, 249, 5, 137, 459, 262, 447, 281, 192, 223, 315, 411, 21, 284, 103, 118, 337, 234, 479, 193, 278, 99, 92, 245, 428, 130, 153, 95, 260, 322, 426, 388, 59, 420, 409, 405, 344, 58, 295, 183, 81, 367, 431, 104, 465, 124, 215, 342, 14, 54, 377, 71, 32, 393, 241, 467, 85, 115, 478, 484, 306, 443, 492, 470, 207, 385, 485, 205, 113, 410, 10, 265, 324, 131, 190, 481, 423, 27, 34, 391, 356, 8, 20, 259, 373, 347, 1, 44, 398, 450, 185, 406, 248, 489, 250, 224, 386, 175, 253, 396, 499, 203, 25, 416, 122, 274, 102, 239, 425, 252, 359, 354, 226, 155, 469, 283, 382, 216, 72, 370, 79, 23, 135, 497, 147, 244, 417, 483, 273, 392, 51, 3, 341, 143, 22, 82, 107, 280, 437, 127, 151, 442, 55, 364, 435, 395, 272, 228, 383, 496, 461, 268, 35, 480, 17, 78, 454, 97, 487, 145, 299, 37, 401, 238, 298, 70, 179, 261, 293, 407, 378, 200, 30, 165, 24, 464, 397, 301, 439, 307, 91, 339, 458, 490, 414, 80, 77, 452, 473, 41, 366, 462, 256, 162, 208, 287, 194, 474, 371, 477, 455, 62, 60, 332, 374, 144, 449, 225, 125, 498, 352, 340, 331, 353, 220, 181, 422, 412, 76, 242, 206, 201, 365, 166, 177, 39, 214, 403, 276, 180, 475, 277, 19, 488, 408, 355, 345, 163, 227, 432, 494, 424, 61, 89, 350, 436, 310, 188, 150, 320, 6, 106, 169, 198, 40, 29, 46, 446, 247, 357, 336, 57, 399, 421, 189, 148, 160, 433, 66, 158, 222, 468, 476, 229, 154, 167, 56, 482, 390, 191, 212, 149, 472, 343, 246, 126, 28, 4, 288, 369, 16, 258, 159, 182, 254, 120, 335, 384, 255, 251, 134, 360, 415, 235, 75, 441, 64, 136, 119, 33, 346, 161, 63, 84, 217, 211, 109, 305, 325, 7, 372, 368, 282, 187, 240, 438, 123, 296, 402, 164, 451, 140, 174, 221, 404, 275, 199, 129, 429, 495, 94, 83, 142, 314, 233, 243, 116, 466, 87, 264, 445, 112, 380, 330, 318, 400, 413, 172, 12, 375, 105, 361, 263, 197, 117, 290, 26, 47, 128, 43, 133, 334, 48, 311, 440, 31, 232, 141, 101, 486, 493, 362, 312, 460, 176, 49, 270, 15, 111, 491, 65, 86, 53, 108, 302, 319, 52, 93, 471, 209, 100, 266, 146, 363, 73, 300, 68, 219, 152, 351, 173, 18, 321, 323, 138, 236, 168, 170, 178, 303, 96, 2, 309, 45, 230, 453, 114, 379, 349, 98, 38, 132, 11, 329, 67, 376, 457, 317, 313, 348, 257, 418, 269, 434, 204, 430, 444, 297, 237, 171, 213, 157, 110, 210, 156, 326, 121, 202, 304, 389, 463, 338, 279, 292, 327, 218, 231, 291, 271, 88, 294, 36, 328, 419, 13, 42, 186, 267, 50, 394, 139, 456, 196, 90, 448, 69, 286, 427, 381, 308, 387, 316, 289, 9, 195]"
"27","46.14506483078003","77462.8984375","79805.28218283581","[0, 358, 74, 285, 333, 5, 249, 459, 137, 262, 447, 281, 192, 223, 315, 411, 21, 284, 103, 118, 337, 234, 479, 193, 278, 99, 92, 245, 428, 130, 153, 95, 260, 322, 426, 388, 59, 420, 409, 405, 344, 58, 295, 183, 81, 367, 431, 104, 465, 124, 215, 342, 14, 54, 377, 71, 32, 393, 241, 467, 85, 115, 478, 484, 306, 443, 492, 470, 207, 385, 485, 205, 113, 410, 10, 265, 324, 131, 190, 481, 423, 27, 34, 391, 356, 8, 20, 259, 373, 347, 1, 44, 398, 450, 185, 406, 248, 489, 250, 224, 386, 175, 253, 396, 499, 203, 25, 416, 122, 274, 102, 239, 425, 252, 359, 354, 226, 155, 469, 283, 382, 216, 72, 370, 79, 23, 135, 497, 147, 244, 417, 483, 273, 392, 51, 3, 341, 143, 22, 82, 107, 280, 437, 127, 151, 442, 55, 364, 435, 395, 272, 228, 383, 496, 461, 268, 35, 480, 17, 78, 454, 97, 487, 145, 299, 37, 401, 238, 298, 70, 179, 261, 293, 407, 378, 200, 30, 165, 24, 464, 397, 301, 439, 307, 91, 339, 458, 490, 414, 80, 77, 452, 473, 41, 366, 462, 256, 162, 208, 287, 194, 474, 371, 477, 455, 62, 60, 332, 374, 144, 449, 225, 125, 498, 352, 340, 331, 353, 220, 181, 422, 412, 76, 242, 206, 201, 365, 166, 177, 39, 214, 403, 276, 180, 475, 277, 19, 488, 408, 355, 345, 163, 227, 432, 494, 424, 61, 89, 350, 436, 310, 188, 150, 320, 6, 106, 169, 198, 40, 29, 46, 446, 247, 357, 336, 57, 399, 421, 189, 148, 160, 433, 66, 158, 222, 468, 476, 229, 154, 167, 56, 482, 390, 191, 212, 149, 472, 343, 246, 126, 28, 4, 288, 369, 16, 258, 159, 182, 254, 120, 335, 384, 255, 251, 134, 360, 415, 235, 75, 441, 64, 136, 119, 33, 346, 161, 63, 84, 217, 211, 109, 305, 325, 7, 372, 368, 282, 187, 240, 438, 123, 296, 402, 164, 451, 140, 174, 221, 404, 275, 199, 129, 429, 495, 94, 83, 142, 314, 233, 243, 116, 466, 87, 264, 445, 112, 380, 330, 318, 400, 413, 172, 12, 375, 105, 361, 263, 197, 117, 290, 26, 47, 128, 43, 133, 334, 48, 311, 440, 31, 232, 141, 101, 486, 493, 362, 312, 460, 176, 49, 270, 15, 111, 491, 65, 86, 53, 108, 302, 319, 52, 93, 471, 209, 100, 266, 146, 363, 73, 300, 68, 219, 152, 351, 173, 18, 321, 323, 138, 236, 168, 170, 178, 303, 96, 2, 309, 45, 230, 453, 114, 379, 349, 98, 38, 132, 11, 329, 67, 376, 457, 317, 313, 348, 257, 418, 269, 434, 204, 430, 444, 297, 237, 171, 213, 157, 110, 210, 156, 326, 121, 202, 304, 389, 463, 338, 279, 292, 327, 218, 231, 291, 271, 88, 294, 36, 328, 419, 13, 42, 186, 267, 50, 394, 139, 456, 196, 90, 448, 69, 427, 286, 381, 308, 387, 316, 289, 9, 195, 184]"
"28","47.912938594818115","77422.9296875","79712.5519278607","[0, 74, 358, 285, 333, 249, 5, 137, 459, 262, 447, 281, 192, 223, 315, 411, 21, 284, 103, 118, 337, 234, 479, 193, 278, 99, 92, 245, 428, 130, 153, 95, 260, 322, 426, 388, 59, 420, 409, 405, 344, 58, 295, 183, 81, 367, 431, 104, 465, 124, 215, 342, 14, 54, 377, 71, 32, 393, 241, 467, 85, 115, 478, 484, 306, 443, 492, 470, 207, 385, 485, 205, 113, 410, 10, 265, 324, 131, 190, 481, 423, 27, 34, 391, 356, 8, 20, 259, 373, 347, 1, 44, 398, 450, 185, 406, 248, 489, 250, 224, 386, 175, 253, 396, 499, 203, 25, 416, 122, 274, 102, 239, 425, 252, 359, 354, 226, 155, 469, 283, 382, 216, 72, 370, 79, 23, 135, 497, 147, 244, 417, 483, 273, 392, 51, 3, 341, 143, 22, 82, 107, 280, 437, 127, 151, 442, 55, 364, 435, 395, 272, 228, 383, 496, 461, 268, 35, 480, 17, 78, 454, 97, 487, 145, 299, 37, 401, 238, 298, 70, 179, 261, 293, 407, 378, 200, 30, 165, 24, 464, 397, 301, 439, 307, 91, 339, 458, 490, 414, 80, 77, 452, 473, 41, 366, 462, 256, 162, 208, 287, 194, 474, 371, 477, 455, 62, 60, 332, 374, 144, 449, 225, 125, 498, 352, 340, 331, 353, 220, 181, 422, 412, 76, 242, 206, 201, 365, 166, 177, 39, 214, 403, 276, 180, 475, 277, 19, 488, 408, 355, 345, 163, 227, 432, 494, 424, 61, 89, 350, 436, 310, 188, 150, 320, 6, 106, 169, 198, 40, 29, 46, 446, 247, 357, 336, 57, 399, 421, 189, 148, 160, 433, 66, 158, 222, 468, 476, 229, 154, 167, 56, 482, 390, 191, 212, 149, 472, 343, 246, 126, 28, 4, 288, 369, 16, 258, 159, 182, 254, 120, 335, 384, 255, 251, 134, 360, 415, 235, 75, 441, 64, 136, 119, 33, 346, 161, 63, 84, 217, 211, 109, 305, 325, 7, 372, 368, 282, 187, 240, 438, 123, 296, 402, 164, 451, 140, 174, 221, 404, 275, 199, 129, 429, 495, 94, 83, 142, 314, 233, 243, 116, 466, 87, 264, 445, 112, 380, 330, 318, 400, 413, 172, 12, 375, 105, 361, 263, 197, 117, 290, 26, 47, 128, 43, 133, 334, 48, 311, 440, 31, 232, 141, 101, 486, 493, 362, 312, 460, 176, 49, 270, 15, 111, 491, 65, 86, 53, 108, 302, 319, 52, 93, 471, 209, 100, 266, 146, 363, 73, 300, 68, 219, 152, 351, 173, 18, 321, 323, 138, 236, 168, 170, 178, 303, 96, 2, 309, 45, 230, 453, 114, 379, 349, 98, 38, 132, 11, 329, 67, 376, 457, 317, 313, 348, 257, 418, 269, 434, 204, 430, 444, 297, 237, 171, 213, 157, 110, 210, 156, 326, 121, 202, 304, 389, 463, 338, 279, 292, 327, 218, 231, 291, 271, 88, 294, 36, 328, 419, 13, 42, 186, 267, 50, 394, 139, 456, 196, 90, 448, 69, 427, 286, 381, 308, 387, 316, 289, 9, 195, 184]"
"29","49.678433895111084","77417.4609375","80078.49607431592","[0, 74, 358, 285, 333, 249, 5, 137, 459, 262, 447, 281, 192, 223, 315, 411, 21, 284, 103, 118, 337, 234, 479, 193, 278, 99, 92, 245, 428, 130, 153, 95, 260, 322, 426, 388, 59, 420, 409, 405, 344, 58, 295, 183, 81, 367, 431, 104, 465, 124, 215, 342, 14, 54, 377, 71, 32, 393, 241, 467, 85, 115, 478, 484, 306, 443, 492, 470, 207, 385, 485, 205, 113, 410, 10, 265, 324, 131, 190, 481, 423, 27, 34, 391, 356, 8, 20, 259, 373, 347, 1, 44, 398, 450, 185, 406, 248, 489, 250, 224, 386, 175, 253, 396, 499, 203, 25, 416, 122, 274, 102, 239, 425, 252, 359, 354, 226, 155, 469, 283, 382, 216, 72, 370, 79, 23, 135, 497, 147, 244, 417, 483, 273, 392, 51, 3, 341, 143, 22, 82, 107, 280, 437, 127, 151, 442, 55, 364, 435, 395, 272, 228, 383, 496, 461, 268, 35, 480, 17, 78, 454, 97, 487, 145, 299, 37, 401, 238, 298, 70, 179, 261, 293, 407, 378, 200, 30, 165, 24, 464, 397, 301, 439, 307, 91, 339, 458, 490, 414, 80, 77, 452, 473, 41, 366, 462, 256, 162, 208, 287, 194, 474, 371, 477, 455, 62, 60, 332, 374, 144, 449, 225, 125, 498, 352, 340, 331, 353, 220, 181, 422, 412, 76, 242, 206, 201, 365, 166, 177, 39, 214, 403, 276, 180, 475, 277, 19, 488, 408, 355, 345, 163, 227, 432, 494, 424, 61, 89, 350, 436, 310, 188, 150, 320, 6, 106, 169, 198, 40, 29, 46, 446, 247, 357, 336, 57, 399, 421, 189, 148, 160, 433, 66, 158, 222, 468, 476, 229, 154, 167, 56, 482, 390, 191, 212, 149, 472, 343, 246, 126, 28, 4, 288, 369, 16, 258, 159, 182, 254, 120, 335, 384, 255, 251, 134, 360, 415, 235, 75, 441, 64, 136, 119, 33, 346, 161, 63, 84, 217, 211, 109, 305, 325, 7, 372, 368, 282, 187, 240, 438, 123, 296, 402, 164, 451, 140, 174, 221, 404, 275, 199, 129, 429, 495, 94, 83, 142, 314, 233, 243, 116, 466, 87, 264, 445, 112, 380, 330, 318, 400, 413, 172, 12, 375, 105, 361, 263, 197, 117, 290, 26, 47, 128, 43, 133, 334, 48, 311, 440, 31, 232, 141, 101, 486, 493, 362, 312, 460, 176, 49, 270, 15, 111, 491, 65, 86, 53, 108, 302, 319, 52, 93, 471, 209, 100, 266, 146, 363, 73, 300, 68, 219, 152, 351, 173, 18, 321, 323, 138, 236, 168, 170, 178, 303, 96, 2, 309, 45, 230, 453, 114, 379, 349, 98, 38, 132, 11, 329, 67, 376, 457, 317, 313, 348, 257, 418, 269, 434, 204, 430, 444, 297, 237, 171, 213, 157, 110, 210, 156, 326, 121, 202, 304, 389, 463, 338, 279, 292, 327, 218, 231, 291, 271, 88, 294, 36, 328, 419, 13, 42, 186, 267, 50, 394, 139, 456, 196, 90, 448, 69, 286, 427, 381, 308, 387, 316, 289, 9, 195, 184]"
"30","51.445494413375854","77409.671875","79875.93582866916","[0, 74, 358, 285, 333, 249, 5, 137, 459, 262, 447, 281, 192, 223, 315, 411, 21, 284, 103, 118, 337, 234, 479, 193, 278, 99, 92, 245, 428, 130, 153, 95, 260, 322, 426, 388, 59, 420, 409, 405, 344, 58, 295, 183, 81, 367, 431, 104, 465, 124, 215, 342, 14, 54, 377, 71, 32, 393, 241, 467, 85, 115, 478, 484, 306, 443, 492, 470, 207, 385, 485, 205, 113, 410, 10, 265, 324, 131, 190, 481, 423, 27, 34, 391, 356, 8, 20, 259, 373, 347, 1, 44, 398, 450, 185, 406, 248, 489, 250, 224, 386, 175, 253, 396, 499, 203, 25, 416, 122, 274, 102, 239, 425, 252, 359, 354, 226, 155, 469, 283, 382, 216, 72, 370, 79, 23, 135, 497, 147, 244, 417, 483, 273, 392, 51, 3, 341, 143, 22, 82, 107, 280, 437, 127, 151, 442, 55, 364, 435, 395, 272, 228, 383, 496, 461, 268, 35, 480, 17, 78, 454, 97, 487, 145, 299, 37, 401, 238, 298, 70, 179, 261, 293, 407, 378, 200, 30, 165, 24, 464, 397, 301, 439, 307, 91, 339, 458, 490, 414, 80, 77, 452, 473, 41, 366, 462, 256, 162, 208, 287, 194, 474, 371, 477, 455, 62, 60, 332, 374, 144, 449, 225, 125, 498, 352, 340, 331, 353, 220, 181, 422, 412, 76, 242, 206, 201, 365, 166, 177, 39, 214, 403, 276, 180, 475, 277, 19, 488, 408, 355, 345, 163, 227, 432, 494, 424, 61, 89, 350, 436, 310, 188, 150, 320, 6, 106, 169, 198, 40, 29, 46, 446, 247, 357, 336, 57, 399, 421, 189, 148, 160, 433, 66, 158, 222, 468, 476, 229, 154, 167, 56, 482, 390, 191, 212, 149, 472, 343, 246, 126, 28, 4, 288, 369, 16, 258, 254, 182, 159, 335, 384, 120, 255, 251, 134, 360, 415, 235, 75, 441, 64, 136, 119, 33, 346, 161, 63, 84, 217, 211, 109, 305, 325, 7, 372, 368, 282, 187, 240, 438, 123, 296, 402, 164, 451, 140, 174, 221, 404, 275, 199, 129, 429, 495, 94, 83, 142, 314, 233, 243, 116, 466, 87, 264, 445, 112, 380, 330, 318, 400, 413, 172, 12, 375, 105, 361, 263, 197, 117, 290, 26, 47, 128, 43, 133, 334, 48, 311, 440, 31, 232, 141, 101, 486, 493, 362, 312, 460, 176, 49, 270, 15, 111, 491, 65, 86, 53, 108, 302, 319, 52, 93, 471, 209, 100, 266, 146, 363, 73, 300, 68, 219, 152, 351, 173, 18, 321, 323, 138, 236, 168, 170, 178, 303, 96, 2, 309, 45, 230, 453, 114, 379, 349, 98, 38, 132, 11, 329, 67, 376, 457, 317, 313, 348, 257, 418, 269, 434, 204, 430, 444, 297, 237, 171, 213, 157, 110, 210, 156, 326, 121, 202, 304, 389, 463, 338, 279, 292, 327, 218, 231, 291, 271, 88, 294, 36, 328, 419, 13, 42, 186, 267, 50, 394, 139, 456, 196, 90, 448, 69, 286, 427, 381, 308, 387, 316, 289, 9, 195, 184]"
"31","53.211222887039185","77349.21875","79829.8735618781","[0, 74, 358, 285, 333, 249, 5, 137, 459, 262, 447, 281, 192, 223, 315, 411, 21, 284, 103, 118, 337, 234, 479, 193, 278, 99, 92, 245, 428, 130, 153, 95, 260, 322, 426, 388, 59, 420, 409, 405, 344, 58, 295, 183, 81, 367, 431, 104, 465, 124, 215, 342, 14, 54, 377, 71, 32, 393, 241, 467, 85, 115, 478, 484, 306, 443, 492, 470, 207, 385, 485, 205, 113, 410, 10, 265, 324, 131, 190, 481, 423, 27, 34, 391, 356, 8, 20, 259, 373, 347, 1, 44, 398, 450, 185, 406, 248, 489, 250, 224, 386, 175, 253, 396, 499, 203, 25, 416, 122, 274, 102, 239, 425, 252, 359, 354, 226, 155, 469, 283, 382, 216, 72, 370, 79, 23, 135, 497, 147, 244, 417, 483, 273, 392, 51, 3, 341, 143, 22, 82, 107, 280, 437, 127, 151, 442, 55, 364, 435, 395, 272, 228, 383, 496, 461, 268, 35, 480, 17, 78, 454, 97, 487, 145, 299, 37, 401, 238, 298, 70, 179, 261, 293, 407, 378, 200, 30, 165, 24, 464, 397, 301, 439, 307, 91, 339, 458, 490, 414, 80, 77, 452, 473, 41, 366, 462, 256, 162, 208, 287, 194, 474, 371, 477, 455, 62, 60, 332, 374, 144, 449, 225, 125, 498, 352, 340, 331, 353, 220, 181, 422, 412, 76, 242, 206, 201, 365, 166, 177, 39, 214, 403, 276, 180, 475, 277, 19, 488, 408, 355, 345, 163, 227, 432, 494, 424, 61, 89, 350, 436, 310, 188, 150, 320, 6, 106, 169, 198, 40, 29, 46, 446, 247, 357, 336, 57, 399, 421, 189, 148, 160, 433, 66, 158, 222, 468, 476, 229, 154, 167, 56, 482, 390, 191, 212, 149, 472, 343, 246, 126, 28, 4, 288, 369, 16, 258, 254, 182, 159, 251, 255, 134, 120, 335, 384, 360, 415, 235, 75, 441, 64, 136, 119, 33, 346, 161, 63, 84, 217, 211, 109, 305, 325, 7, 372, 368, 282, 187, 240, 438, 123, 296, 402, 164, 451, 140, 174, 221, 404, 275, 199, 129, 429, 495, 94, 83, 142, 314, 233, 243, 116, 466, 87, 264, 445, 112, 380, 330, 318, 400, 413, 172, 12, 375, 105, 361, 263, 197, 117, 290, 26, 47, 128, 43, 133, 334, 48, 311, 440, 31, 232, 141, 101, 486, 493, 362, 312, 460, 176, 49, 270, 15, 111, 491, 65, 86, 53, 108, 302, 319, 52, 93, 471, 209, 100, 266, 146, 363, 73, 300, 68, 219, 152, 351, 173, 18, 321, 323, 138, 236, 168, 170, 178, 303, 96, 2, 309, 45, 230, 453, 114, 379, 349, 98, 38, 132, 11, 329, 67, 376, 457, 317, 313, 348, 257, 418, 269, 434, 204, 430, 444, 297, 237, 171, 213, 157, 110, 210, 156, 326, 121, 202, 304, 389, 463, 338, 279, 292, 327, 218, 231, 291, 271, 88, 294, 36, 328, 419, 13, 42, 186, 267, 50, 394, 139, 456, 196, 90, 448, 69, 427, 286, 381, 308, 387, 316, 289, 9, 195, 184]"
"32","54.975600481033325","77325.234375","79888.32311100746","[0, 74, 358, 285, 333, 249, 5, 137, 459, 262, 447, 281, 192, 223, 315, 411, 21, 284, 103, 118, 337, 234, 479, 193, 278, 99, 92, 245, 428, 130, 153, 95, 260, 322, 426, 388, 59, 420, 409, 405, 344, 58, 295, 183, 81, 367, 431, 104, 465, 124, 215, 342, 14, 54, 377, 71, 32, 393, 241, 467, 85, 115, 478, 484, 306, 443, 492, 470, 207, 385, 485, 205, 113, 410, 10, 265, 324, 131, 190, 481, 423, 27, 34, 391, 356, 20, 8, 259, 373, 347, 1, 44, 398, 450, 185, 406, 248, 489, 250, 224, 386, 175, 253, 396, 499, 203, 25, 416, 122, 274, 102, 239, 425, 252, 359, 354, 226, 155, 469, 283, 382, 216, 72, 370, 79, 23, 135, 497, 147, 244, 417, 483, 273, 392, 51, 3, 341, 143, 22, 82, 107, 280, 437, 127, 151, 442, 55, 364, 435, 395, 272, 228, 383, 496, 461, 268, 35, 480, 17, 78, 454, 97, 487, 145, 299, 37, 401, 238, 298, 70, 179, 261, 293, 407, 378, 200, 30, 165, 24, 464, 397, 301, 439, 307, 91, 339, 458, 490, 414, 80, 77, 452, 473, 41, 366, 462, 256, 162, 208, 287, 194, 474, 371, 477, 455, 62, 60, 332, 374, 144, 449, 225, 125, 498, 352, 340, 331, 353, 220, 181, 422, 412, 76, 242, 206, 201, 365, 166, 177, 39, 214, 403, 276, 180, 475, 277, 19, 488, 408, 355, 345, 163, 227, 432, 494, 424, 61, 89, 350, 436, 310, 188, 150, 320, 6, 106, 169, 198, 40, 29, 46, 446, 247, 357, 336, 57, 399, 421, 189, 148, 160, 433, 66, 158, 222, 468, 476, 229, 154, 167, 56, 482, 390, 191, 212, 149, 472, 343, 246, 126, 28, 4, 288, 369, 16, 258, 254, 182, 159, 251, 255, 134, 120, 335, 384, 360, 415, 235, 75, 441, 64, 136, 119, 33, 346, 161, 63, 84, 217, 211, 109, 305, 325, 7, 372, 368, 282, 187, 240, 438, 123, 296, 402, 164, 451, 140, 174, 221, 404, 275, 199, 129, 429, 495, 94, 83, 142, 314, 233, 243, 116, 466, 87, 264, 445, 112, 380, 330, 318, 400, 413, 172, 12, 375, 105, 361, 263, 197, 117, 290, 26, 47, 128, 43, 133, 334, 48, 311, 440, 31, 232, 141, 101, 486, 493, 362, 312, 460, 176, 49, 270, 15, 111, 491, 65, 86, 53, 108, 302, 319, 52, 93, 471, 209, 100, 266, 146, 363, 73, 300, 68, 219, 152, 351, 173, 18, 321, 323, 138, 236, 168, 170, 178, 303, 96, 2, 309, 45, 230, 453, 114, 379, 349, 98, 38, 132, 11, 329, 67, 376, 457, 317, 313, 348, 257, 418, 269, 434, 204, 430, 444, 297, 237, 171, 213, 157, 110, 210, 156, 326, 121, 202, 304, 389, 463, 338, 279, 292, 327, 218, 231, 291, 271, 88, 294, 36, 328, 419, 13, 42, 186, 267, 50, 394, 139, 456, 196, 90, 448, 69, 286, 427, 381, 308, 387, 316, 289, 9, 195, 184]"
"33","56.74172592163086","77298.296875","79770.68439054726","[0, 74, 358, 285, 333, 249, 5, 137, 459, 262, 447, 281, 192, 223, 315, 411, 21, 284, 103, 118, 337, 234, 479, 193, 278, 99, 92, 245, 428, 130, 153, 95, 260, 322, 426, 388, 59, 420, 409, 405, 344, 58, 295, 183, 81, 367, 431, 104, 465, 124, 215, 342, 14, 54, 377, 71, 32, 393, 241, 467, 85, 115, 478, 484, 306, 443, 492, 470, 207, 385, 485, 205, 113, 410, 10, 265, 324, 131, 190, 481, 423, 27, 34, 391, 356, 8, 20, 259, 373, 347, 1, 44, 398, 450, 185, 406, 248, 489, 250, 224, 386, 175, 253, 396, 499, 203, 25, 416, 122, 274, 102, 239, 425, 252, 354, 359, 226, 155, 469, 283, 382, 216, 72, 370, 79, 23, 135, 497, 147, 244, 417, 483, 273, 392, 51, 3, 341, 143, 22, 82, 107, 280, 437, 127, 151, 442, 55, 364, 435, 395, 272, 228, 383, 496, 461, 268, 35, 480, 17, 78, 454, 97, 487, 145, 299, 37, 401, 238, 298, 70, 179, 261, 293, 407, 378, 200, 30, 165, 24, 464, 397, 301, 439, 307, 91, 339, 458, 490, 414, 80, 77, 452, 473, 41, 366, 462, 256, 162, 208, 287, 194, 474, 371, 477, 455, 62, 60, 332, 374, 144, 449, 225, 125, 498, 352, 340, 331, 353, 220, 181, 422, 412, 76, 242, 206, 201, 365, 166, 177, 39, 214, 403, 276, 180, 475, 277, 19, 488, 408, 355, 345, 163, 227, 432, 494, 424, 61, 89, 350, 436, 310, 188, 150, 320, 6, 106, 169, 198, 40, 29, 46, 446, 247, 357, 336, 57, 399, 421, 189, 148, 160, 433, 66, 158, 222, 468, 476, 229, 154, 167, 56, 482, 390, 191, 212, 149, 472, 343, 246, 126, 28, 4, 288, 369, 16, 258, 254, 182, 159, 251, 255, 134, 120, 335, 384, 360, 415, 235, 75, 441, 64, 136, 119, 33, 346, 161, 63, 84, 217, 211, 109, 305, 325, 7, 372, 368, 282, 187, 240, 438, 123, 296, 402, 164, 451, 140, 174, 221, 404, 275, 199, 129, 429, 495, 94, 83, 142, 314, 233, 243, 116, 466, 87, 264, 445, 112, 380, 330, 318, 400, 413, 172, 12, 375, 105, 361, 263, 197, 117, 290, 26, 47, 128, 43, 133, 334, 48, 311, 440, 31, 232, 141, 101, 486, 493, 362, 312, 460, 176, 49, 270, 15, 111, 491, 65, 86, 53, 108, 302, 319, 52, 93, 471, 209, 100, 266, 146, 363, 73, 300, 68, 219, 152, 351, 173, 18, 321, 323, 138, 236, 168, 170, 178, 303, 96, 2, 309, 45, 230, 453, 114, 379, 349, 98, 38, 132, 11, 329, 67, 376, 457, 317, 313, 348, 257, 418, 269, 434, 204, 430, 444, 297, 237, 171, 213, 157, 110, 210, 156, 326, 121, 202, 304, 389, 463, 338, 279, 292, 327, 218, 231, 291, 271, 88, 294, 36, 328, 419, 13, 42, 186, 267, 50, 394, 139, 456, 196, 90, 448, 69, 286, 427, 381, 308, 387, 316, 289, 9, 195, 184]"
"34","58.50826954841614","77251.46875","79522.04197761194","[0, 74, 358, 285, 333, 249, 5, 137, 459, 262, 447, 281, 192, 223, 315, 411, 21, 284, 103, 118, 337, 234, 479, 193, 278, 99, 92, 245, 428, 130, 153, 95, 260, 322, 426, 388, 59, 420, 409, 405, 344, 58, 295, 183, 81, 367, 431, 104, 465, 124, 215, 342, 14, 54, 377, 71, 32, 393, 241, 467, 85, 115, 478, 484, 306, 443, 492, 470, 207, 385, 485, 205, 113, 410, 10, 265, 324, 131, 190, 481, 423, 27, 34, 391, 356, 8, 20, 259, 373, 347, 1, 44, 398, 450, 185, 406, 248, 489, 250, 224, 386, 175, 253, 396, 499, 203, 25, 416, 122, 274, 102, 239, 425, 252, 354, 359, 226, 155, 469, 283, 382, 216, 72, 370, 79, 23, 135, 497, 147, 244, 417, 483, 273, 392, 51, 3, 341, 143, 22, 82, 107, 280, 437, 127, 151, 442, 55, 364, 435, 395, 272, 228, 383, 496, 461, 268, 35, 480, 17, 78, 454, 97, 487, 145, 299, 37, 401, 238, 298, 70, 179, 261, 293, 407, 378, 200, 30, 165, 24, 464, 397, 301, 439, 307, 91, 339, 458, 490, 414, 80, 77, 452, 473, 41, 366, 462, 256, 162, 208, 287, 194, 474, 371, 477, 455, 62, 60, 332, 374, 144, 449, 225, 125, 498, 352, 340, 331, 353, 220, 181, 422, 412, 76, 242, 206, 201, 365, 166, 177, 39, 214, 403, 276, 180, 475, 277, 19, 488, 408, 355, 345, 163, 227, 424, 432, 494, 61, 350, 89, 436, 310, 188, 150, 320, 6, 106, 169, 198, 40, 29, 46, 446, 247, 357, 336, 57, 399, 421, 189, 148, 160, 433, 66, 158, 222, 468, 476, 229, 154, 167, 56, 482, 390, 191, 212, 149, 472, 343, 246, 126, 28, 4, 288, 369, 16, 258, 254, 182, 159, 134, 251, 255, 120, 335, 384, 360, 415, 235, 75, 441, 64, 136, 119, 33, 346, 161, 63, 84, 217, 211, 109, 305, 325, 7, 372, 368, 282, 187, 240, 438, 123, 296, 402, 164, 451, 140, 174, 221, 404, 275, 199, 129, 429, 495, 94, 83, 142, 314, 233, 243, 116, 466, 87, 264, 445, 112, 380, 330, 318, 400, 413, 172, 12, 375, 105, 361, 263, 197, 117, 290, 26, 47, 128, 43, 133, 334, 48, 311, 440, 31, 232, 141, 101, 486, 493, 362, 312, 460, 176, 49, 270, 15, 111, 491, 65, 86, 53, 108, 302, 319, 52, 93, 471, 209, 100, 266, 146, 363, 73, 300, 68, 219, 152, 351, 173, 18, 321, 323, 138, 236, 168, 170, 178, 303, 96, 2, 309, 45, 230, 453, 114, 379, 349, 98, 38, 132, 11, 329, 67, 376, 457, 317, 313, 348, 257, 418, 269, 434, 204, 430, 444, 297, 237, 171, 213, 157, 110, 210, 156, 326, 121, 202, 304, 389, 463, 338, 279, 292, 327, 218, 231, 291, 271, 88, 294, 36, 328, 419, 13, 42, 186, 267, 50, 394, 139, 456, 196, 90, 448, 69, 286, 427, 381, 308, 387, 316, 289, 9, 195, 184]"
"35","60.273825883865356","77188.4375","79575.8709965796","[0, 74, 358, 285, 333, 249, 5, 137, 459, 262, 447, 281, 192, 223, 315, 411, 21, 284, 103, 118, 337, 234, 479, 193, 278, 99, 92, 245, 428, 130, 153, 95, 260, 322, 426, 388, 59, 420, 409, 405, 344, 183, 295, 367, 58, 431, 81, 104, 465, 124, 215, 342, 14, 54, 377, 71, 32, 393, 241, 467, 85, 115, 478, 484, 306, 443, 492, 470, 207, 385, 485, 205, 113, 410, 10, 265, 324, 131, 190, 481, 423, 27, 34, 391, 356, 20, 8, 259, 373, 347, 1, 44, 398, 450, 185, 406, 248, 489, 250, 224, 386, 175, 253, 396, 499, 203, 25, 416, 122, 274, 102, 239, 425, 252, 354, 359, 226, 155, 469, 283, 382, 216, 72, 370, 79, 23, 135, 497, 147, 244, 417, 483, 273, 392, 51, 3, 341, 143, 22, 82, 107, 280, 437, 127, 151, 442, 55, 364, 435, 395, 272, 228, 383, 496, 461, 268, 35, 480, 17, 78, 454, 97, 487, 145, 299, 37, 401, 238, 298, 70, 179, 261, 293, 407, 378, 200, 30, 165, 24, 464, 397, 301, 439, 307, 91, 339, 458, 490, 414, 80, 77, 452, 473, 41, 366, 462, 256, 162, 208, 287, 194, 474, 371, 477, 455, 62, 60, 332, 374, 144, 449, 225, 125, 498, 352, 340, 331, 353, 220, 181, 422, 412, 76, 242, 206, 201, 365, 166, 177, 39, 214, 403, 276, 180, 475, 277, 19, 488, 408, 355, 345, 163, 227, 424, 432, 494, 61, 350, 89, 436, 310, 188, 150, 320, 6, 106, 169, 198, 40, 29, 46, 446, 247, 357, 336, 57, 399, 421, 189, 148, 160, 433, 66, 158, 222, 468, 476, 229, 154, 167, 56, 482, 390, 191, 212, 149, 472, 343, 246, 126, 28, 4, 288, 369, 16, 258, 254, 182, 159, 134, 251, 255, 120, 335, 384, 360, 415, 235, 75, 441, 64, 136, 119, 33, 346, 161, 63, 84, 217, 211, 109, 305, 325, 7, 372, 368, 282, 187, 240, 438, 123, 296, 402, 164, 451, 140, 174, 221, 404, 275, 199, 129, 429, 495, 94, 83, 142, 314, 233, 243, 116, 466, 87, 264, 445, 112, 380, 330, 318, 400, 413, 172, 12, 375, 105, 361, 263, 197, 117, 290, 26, 47, 128, 43, 133, 334, 48, 311, 440, 31, 232, 141, 101, 486, 493, 362, 312, 460, 176, 49, 270, 15, 111, 491, 65, 86, 53, 108, 302, 319, 52, 93, 471, 209, 100, 266, 146, 363, 73, 300, 68, 219, 152, 351, 173, 18, 321, 323, 138, 236, 168, 170, 178, 303, 96, 2, 309, 45, 230, 453, 114, 379, 349, 98, 38, 132, 11, 329, 67, 376, 457, 317, 313, 348, 257, 418, 269, 434, 204, 430, 444, 297, 237, 171, 213, 157, 110, 210, 156, 326, 121, 202, 304, 389, 463, 338, 279, 292, 327, 218, 231, 291, 271, 88, 294, 36, 328, 419, 13, 42, 186, 267, 50, 394, 139, 456, 196, 90, 448, 69, 427, 286, 381, 308, 387, 316, 289, 9, 195, 184]"
"36","62.03501582145691","77100.90625","79583.46295864428","[0, 74, 358, 285, 333, 249, 5, 137, 459, 262, 447, 281, 192, 223, 315, 411, 21, 284, 103, 118, 337, 234, 479, 193, 278, 99, 92, 245, 428, 130, 153, 95, 260, 322, 426, 388, 59, 420, 409, 405, 344, 183, 295, 367, 58, 431, 81, 104, 465, 124, 215, 342, 14, 54, 377, 71, 32, 393, 241, 467, 85, 115, 478, 484, 306, 443, 492, 470, 207, 385, 485, 205, 113, 410, 10, 265, 324, 131, 190, 481, 423, 27, 34, 391, 356, 8, 20, 259, 373, 347, 1, 44, 398, 450, 185, 406, 248, 489, 250, 224, 386, 175, 253, 396, 499, 203, 25, 416, 122, 274, 102, 239, 425, 252, 354, 359, 226, 155, 469, 283, 382, 216, 72, 370, 79, 23, 135, 497, 147, 417, 483, 273, 392, 244, 51, 3, 341, 143, 22, 82, 107, 280, 437, 127, 151, 442, 55, 364, 435, 395, 272, 228, 383, 496, 461, 268, 35, 480, 17, 78, 454, 97, 487, 145, 299, 37, 401, 238, 298, 70, 179, 261, 293, 407, 378, 200, 30, 165, 24, 464, 397, 301, 439, 307, 91, 339, 458, 490, 414, 80, 77, 452, 473, 41, 366, 462, 256, 162, 208, 287, 194, 474, 371, 477, 455, 62, 60, 332, 374, 144, 449, 225, 125, 498, 352, 340, 331, 353, 220, 181, 422, 412, 76, 242, 206, 201, 365, 166, 177, 39, 214, 403, 276, 180, 475, 277, 19, 488, 408, 355, 345, 163, 227, 424, 432, 494, 61, 350, 89, 436, 310, 188, 150, 320, 6, 106, 169, 198, 40, 29, 46, 446, 247, 357, 336, 57, 399, 421, 189, 148, 160, 433, 66, 158, 222, 468, 476, 229, 154, 167, 56, 482, 390, 191, 212, 149, 472, 343, 246, 126, 28, 4, 288, 369, 16, 258, 254, 182, 159, 134, 251, 255, 120, 335, 384, 360, 415, 235, 75, 441, 64, 136, 119, 33, 346, 161, 63, 84, 217, 211, 109, 305, 325, 7, 372, 368, 282, 187, 240, 438, 123, 296, 402, 164, 451, 140, 174, 221, 404, 275, 199, 129, 429, 495, 94, 83, 142, 314, 233, 243, 116, 466, 87, 264, 445, 112, 380, 330, 318, 400, 413, 172, 12, 375, 105, 361, 263, 197, 117, 290, 26, 47, 128, 43, 133, 334, 48, 311, 440, 31, 232, 141, 101, 486, 493, 362, 312, 460, 176, 49, 270, 15, 111, 491, 65, 86, 53, 108, 302, 319, 52, 93, 471, 209, 100, 266, 146, 363, 73, 300, 68, 219, 152, 351, 173, 18, 321, 323, 138, 236, 168, 170, 178, 303, 96, 2, 309, 45, 230, 453, 114, 379, 349, 98, 38, 132, 11, 329, 67, 376, 457, 317, 313, 348, 257, 418, 269, 434, 204, 430, 444, 297, 237, 171, 213, 157, 110, 210, 156, 326, 121, 202, 304, 389, 463, 338, 279, 292, 327, 218, 231, 291, 271, 88, 294, 36, 328, 419, 13, 42, 186, 267, 50, 394, 139, 456, 196, 90, 448, 69, 427, 286, 381, 308, 387, 316, 289, 9, 195, 184]"
"37","63.80103373527527","77082.3984375","79457.32163401741","[0, 74, 358, 285, 333, 249, 5, 137, 459, 262, 447, 281, 192, 223, 315, 411, 21, 284, 103, 118, 337, 234, 479, 193, 278, 99, 92, 245, 428, 130, 153, 95, 260, 322, 426, 388, 59, 420, 409, 405, 344, 183, 295, 367, 58, 431, 81, 104, 465, 124, 215, 342, 14, 54, 377, 71, 32, 393, 241, 467, 85, 115, 478, 484, 306, 443, 492, 470, 207, 385, 485, 205, 113, 410, 10, 265, 324, 131, 190, 481, 423, 27, 34, 391, 356, 20, 8, 259, 373, 347, 1, 44, 398, 450, 185, 406, 248, 489, 250, 224, 386, 175, 253, 396, 499, 203, 25, 416, 122, 274, 102, 239, 425, 252, 354, 359, 226, 155, 469, 283, 382, 216, 72, 370, 79, 23, 135, 497, 147, 417, 483, 273, 392, 244, 51, 3, 341, 143, 22, 82, 107, 280, 437, 127, 151, 442, 55, 364, 435, 395, 272, 228, 383, 496, 461, 268, 35, 480, 17, 78, 454, 97, 487, 145, 299, 37, 401, 238, 298, 70, 179, 261, 293, 407, 378, 200, 30, 165, 24, 464, 397, 301, 439, 307, 91, 339, 458, 490, 414, 80, 77, 452, 473, 41, 366, 462, 256, 162, 208, 287, 194, 474, 371, 477, 455, 62, 60, 332, 374, 144, 449, 225, 125, 498, 352, 340, 331, 353, 220, 181, 422, 412, 76, 242, 206, 201, 365, 166, 177, 39, 214, 403, 276, 180, 475, 277, 19, 488, 408, 355, 345, 163, 227, 424, 432, 494, 61, 350, 89, 436, 310, 188, 150, 320, 6, 106, 169, 198, 40, 29, 46, 446, 247, 357, 336, 57, 399, 421, 189, 148, 160, 433, 66, 158, 222, 468, 476, 229, 154, 167, 56, 482, 390, 191, 212, 149, 472, 343, 246, 126, 28, 4, 288, 369, 16, 258, 254, 182, 159, 134, 251, 255, 120, 335, 384, 360, 415, 235, 75, 441, 64, 136, 119, 33, 346, 161, 63, 84, 217, 211, 109, 305, 325, 7, 372, 368, 282, 187, 240, 438, 123, 296, 402, 164, 451, 140, 174, 221, 404, 275, 199, 129, 429, 495, 94, 83, 142, 314, 233, 243, 116, 466, 87, 264, 445, 112, 380, 330, 318, 400, 413, 172, 12, 375, 105, 361, 263, 197, 117, 290, 26, 47, 128, 43, 133, 334, 48, 311, 440, 31, 232, 141, 101, 486, 493, 362, 312, 460, 176, 49, 270, 15, 111, 491, 65, 86, 53, 108, 302, 319, 52, 93, 471, 209, 100, 266, 146, 363, 73, 300, 68, 219, 152, 351, 173, 18, 321, 323, 138, 236, 168, 170, 178, 303, 96, 2, 309, 45, 230, 453, 114, 379, 349, 98, 38, 132, 11, 329, 67, 376, 457, 317, 313, 348, 257, 418, 269, 434, 204, 430, 444, 297, 237, 171, 213, 157, 110, 210, 156, 326, 121, 202, 304, 389, 463, 338, 279, 292, 327, 218, 231, 291, 271, 88, 294, 36, 328, 419, 13, 42, 186, 267, 50, 394, 139, 456, 196, 90, 448, 69, 427, 286, 381, 308, 387, 316, 289, 9, 195, 184]"
"38","65.57010531425476","77058.765625","79482.8015391791","[0, 74, 358, 285, 333, 249, 5, 137, 459, 262, 447, 281, 192, 223, 315, 411, 21, 284, 103, 118, 337, 234, 479, 193, 278, 99, 92, 245, 428, 130, 153, 95, 260, 322, 426, 388, 59, 420, 409, 405, 344, 183, 295, 367, 58, 431, 81, 104, 465, 124, 215, 342, 14, 54, 377, 71, 32, 393, 241, 467, 85, 115, 478, 484, 306, 443, 492, 470, 207, 385, 485, 205, 113, 410, 10, 265, 324, 131, 190, 481, 423, 27, 34, 391, 356, 20, 8, 259, 373, 347, 1, 44, 398, 450, 185, 406, 248, 489, 250, 224, 386, 175, 253, 396, 499, 203, 25, 416, 122, 274, 102, 239, 425, 252, 354, 359, 226, 155, 469, 283, 382, 216, 72, 370, 79, 23, 135, 497, 147, 417, 483, 273, 392, 244, 51, 3, 341, 143, 22, 82, 107, 280, 437, 127, 151, 442, 55, 364, 435, 395, 272, 228, 383, 496, 461, 268, 35, 480, 17, 78, 454, 97, 487, 145, 299, 37, 401, 238, 298, 70, 179, 261, 293, 407, 378, 200, 30, 165, 24, 464, 397, 301, 439, 307, 91, 339, 458, 490, 414, 80, 77, 452, 473, 41, 366, 462, 256, 162, 208, 287, 194, 474, 371, 477, 455, 62, 60, 332, 374, 144, 449, 225, 125, 498, 352, 340, 331, 353, 220, 181, 422, 412, 76, 242, 206, 201, 365, 166, 177, 39, 214, 403, 276, 180, 475, 277, 19, 488, 408, 355, 345, 163, 227, 424, 432, 494, 61, 350, 89, 436, 310, 188, 150, 320, 6, 106, 169, 198, 40, 29, 46, 446, 247, 357, 336, 57, 399, 421, 189, 148, 160, 433, 66, 158, 222, 468, 476, 229, 154, 167, 56, 482, 390, 191, 212, 149, 472, 343, 246, 126, 28, 4, 288, 369, 16, 258, 254, 182, 159, 134, 251, 255, 335, 384, 360, 120, 415, 235, 75, 441, 64, 136, 119, 33, 346, 161, 63, 84, 217, 211, 109, 305, 325, 7, 372, 368, 282, 187, 240, 438, 123, 296, 402, 164, 451, 140, 174, 221, 404, 275, 199, 129, 429, 495, 94, 83, 142, 314, 233, 243, 116, 466, 87, 264, 445, 112, 380, 330, 318, 400, 413, 172, 12, 375, 105, 361, 263, 197, 117, 290, 26, 47, 128, 43, 133, 334, 48, 311, 440, 31, 232, 141, 101, 486, 493, 362, 312, 460, 176, 49, 270, 15, 111, 491, 65, 86, 53, 108, 302, 319, 52, 93, 471, 209, 100, 266, 146, 363, 73, 300, 68, 219, 152, 351, 173, 18, 321, 323, 138, 236, 168, 170, 178, 303, 96, 2, 309, 45, 230, 453, 114, 379, 349, 98, 38, 132, 11, 329, 67, 376, 457, 317, 313, 348, 257, 418, 269, 434, 204, 430, 444, 297, 237, 171, 213, 157, 110, 210, 156, 326, 121, 202, 304, 389, 463, 338, 279, 292, 327, 218, 231, 291, 271, 88, 294, 36, 328, 419, 13, 42, 186, 267, 50, 394, 139, 456, 196, 90, 448, 69, 427, 286, 381, 308, 387, 316, 289, 9, 195, 184]"
"39","67.33710169792175","77053.296875","79356.879392102","[0, 74, 358, 285, 333, 249, 5, 137, 459, 262, 447, 281, 192, 223, 315, 411, 21, 284, 103, 118, 337, 234, 479, 193, 278, 99, 92, 245, 428, 130, 153, 95, 260, 322, 426, 388, 59, 420, 409, 405, 344, 183, 295, 367, 58, 431, 81, 104, 465, 124, 215, 342, 14, 54, 377, 71, 32, 393, 241, 467, 85, 115, 478, 484, 306, 443, 492, 470, 207, 385, 485, 205, 113, 410, 10, 265, 324, 131, 190, 481, 423, 27, 34, 391, 356, 20, 8, 259, 373, 347, 1, 44, 398, 450, 185, 406, 248, 489, 250, 224, 386, 175, 253, 396, 499, 203, 25, 416, 122, 274, 102, 239, 425, 252, 354, 359, 226, 155, 469, 283, 382, 216, 72, 370, 79, 23, 135, 497, 147, 417, 483, 273, 392, 244, 51, 3, 341, 143, 22, 82, 107, 280, 437, 127, 151, 442, 55, 364, 435, 395, 272, 228, 383, 496, 461, 268, 35, 480, 17, 78, 454, 97, 487, 145, 299, 37, 401, 238, 298, 70, 179, 261, 293, 407, 378, 200, 30, 165, 24, 464, 397, 301, 439, 307, 91, 339, 458, 490, 414, 80, 77, 452, 473, 41, 366, 462, 256, 162, 208, 287, 194, 474, 371, 477, 455, 62, 60, 332, 374, 144, 449, 225, 125, 498, 352, 340, 331, 353, 220, 181, 422, 412, 76, 242, 206, 201, 365, 166, 177, 39, 214, 403, 276, 180, 475, 277, 19, 488, 408, 355, 345, 163, 227, 424, 432, 494, 61, 350, 89, 436, 310, 188, 150, 320, 6, 106, 169, 198, 40, 29, 46, 446, 247, 357, 336, 57, 399, 421, 189, 148, 160, 433, 66, 158, 222, 468, 476, 229, 154, 167, 56, 482, 390, 191, 212, 149, 472, 343, 246, 126, 28, 4, 288, 369, 16, 258, 254, 182, 159, 134, 251, 255, 335, 384, 360, 120, 415, 235, 75, 441, 64, 136, 119, 33, 346, 161, 63, 84, 217, 211, 109, 305, 325, 7, 372, 368, 282, 187, 240, 438, 123, 296, 402, 164, 451, 140, 174, 221, 404, 275, 199, 129, 429, 495, 94, 83, 142, 314, 233, 243, 116, 466, 87, 264, 445, 112, 380, 330, 318, 400, 413, 172, 12, 375, 105, 361, 263, 197, 117, 290, 26, 47, 128, 43, 133, 334, 48, 311, 440, 31, 232, 141, 101, 486, 493, 362, 312, 460, 176, 49, 270, 15, 111, 491, 65, 86, 53, 108, 302, 319, 52, 93, 471, 209, 100, 266, 146, 363, 73, 300, 68, 219, 152, 351, 173, 18, 321, 323, 138, 236, 168, 170, 178, 303, 96, 2, 309, 45, 230, 453, 114, 379, 349, 98, 38, 132, 11, 329, 67, 376, 457, 317, 313, 348, 257, 418, 269, 434, 204, 430, 444, 297, 237, 171, 213, 157, 110, 210, 156, 326, 121, 202, 304, 389, 463, 338, 279, 292, 327, 218, 231, 291, 271, 88, 294, 36, 328, 419, 13, 42, 186, 267, 50, 394, 139, 456, 196, 90, 448, 69, 286, 427, 381, 308, 387, 316, 289, 9, 195, 184]"
"40","69.09861898422241","77053.0625","79361.46377487562","[0, 74, 358, 285, 333, 249, 5, 137, 459, 262, 447, 281, 192, 223, 315, 411, 21, 284, 103, 118, 337, 234, 479, 193, 278, 99, 92, 245, 428, 130, 153, 95, 260, 322, 426, 388, 59, 420, 409, 405, 344, 183, 295, 367, 58, 431, 81, 104, 465, 124, 215, 342, 14, 54, 377, 71, 32, 393, 241, 467, 85, 115, 478, 484, 306, 443, 492, 470, 207, 385, 485, 205, 113, 410, 10, 265, 324, 131, 190, 481, 423, 27, 34, 391, 356, 20, 8, 259, 373, 347, 1, 44, 398, 450, 185, 406, 248, 489, 250, 224, 386, 175, 253, 396, 499, 203, 25, 416, 122, 274, 102, 239, 425, 252, 354, 359, 226, 155, 469, 283, 382, 216, 72, 370, 79, 23, 135, 497, 147, 417, 483, 273, 392, 244, 51, 3, 341, 143, 22, 82, 107, 280, 437, 127, 151, 442, 55, 364, 435, 395, 272, 228, 383, 496, 461, 268, 35, 480, 17, 78, 454, 97, 487, 145, 299, 37, 401, 238, 298, 70, 179, 261, 293, 407, 378, 200, 30, 165, 24, 464, 397, 301, 439, 307, 91, 339, 458, 490, 414, 80, 77, 452, 473, 41, 366, 462, 256, 162, 208, 287, 194, 474, 371, 477, 455, 62, 60, 332, 374, 144, 449, 225, 125, 498, 352, 340, 331, 353, 220, 181, 422, 412, 76, 242, 206, 201, 365, 166, 177, 39, 214, 403, 276, 180, 475, 277, 19, 488, 408, 355, 345, 163, 227, 424, 432, 494, 61, 350, 89, 436, 310, 150, 320, 188, 6, 106, 169, 198, 40, 29, 46, 446, 247, 357, 336, 57, 399, 421, 189, 148, 160, 433, 66, 158, 222, 468, 476, 229, 154, 167, 56, 482, 390, 191, 212, 149, 472, 343, 246, 126, 28, 4, 288, 369, 16, 258, 254, 182, 159, 134, 251, 255, 335, 384, 360, 120, 415, 235, 75, 441, 64, 136, 119, 33, 346, 161, 63, 84, 217, 211, 109, 305, 325, 7, 372, 368, 282, 187, 240, 438, 123, 296, 402, 164, 451, 140, 174, 221, 404, 275, 199, 129, 429, 495, 94, 83, 142, 314, 233, 243, 116, 466, 87, 264, 445, 112, 380, 330, 318, 400, 413, 172, 12, 375, 105, 361, 263, 197, 117, 290, 26, 47, 128, 43, 133, 334, 48, 311, 440, 31, 232, 141, 101, 486, 493, 362, 312, 460, 176, 49, 270, 15, 111, 491, 65, 86, 53, 108, 302, 319, 52, 93, 471, 209, 100, 266, 146, 363, 73, 300, 68, 219, 152, 351, 173, 18, 321, 323, 138, 236, 168, 170, 178, 303, 96, 2, 309, 45, 230, 453, 114, 379, 349, 98, 38, 132, 11, 329, 67, 376, 457, 317, 313, 348, 257, 418, 269, 434, 204, 430, 444, 297, 237, 171, 213, 157, 110, 210, 156, 326, 121, 202, 304, 389, 463, 338, 279, 292, 327, 218, 231, 291, 271, 88, 294, 36, 328, 419, 13, 42, 186, 267, 50, 394, 139, 456, 196, 90, 448, 69, 427, 286, 381, 308, 387, 316, 289, 9, 195, 184]"
"41","70.85830307006836","77000.9921875","79524.31910758707","[0, 74, 358, 285, 333, 249, 5, 137, 459, 262, 447, 281, 192, 223, 315, 411, 21, 284, 103, 118, 337, 234, 479, 193, 278, 99, 92, 245, 428, 130, 153, 95, 260, 322, 426, 388, 59, 420, 409, 405, 344, 183, 295, 367, 58, 431, 81, 104, 465, 124, 215, 342, 14, 54, 377, 71, 32, 393, 241, 467, 85, 115, 478, 484, 306, 443, 492, 470, 207, 385, 485, 205, 113, 410, 10, 265, 324, 131, 190, 481, 423, 27, 34, 391, 356, 20, 8, 259, 373, 347, 1, 44, 398, 450, 185, 406, 248, 489, 250, 224, 386, 175, 253, 396, 499, 203, 25, 416, 122, 274, 102, 239, 425, 252, 354, 359, 226, 155, 469, 283, 382, 216, 72, 370, 79, 23, 135, 497, 147, 417, 483, 273, 392, 244, 51, 3, 341, 143, 22, 82, 107, 280, 437, 127, 151, 442, 55, 364, 435, 395, 272, 228, 383, 496, 461, 268, 35, 480, 17, 78, 454, 97, 487, 145, 299, 37, 401, 238, 298, 70, 179, 261, 293, 407, 378, 200, 30, 165, 24, 464, 397, 301, 439, 307, 91, 339, 458, 490, 414, 80, 77, 452, 473, 41, 366, 462, 256, 162, 208, 287, 194, 474, 371, 477, 455, 62, 60, 332, 374, 144, 449, 225, 125, 498, 352, 340, 331, 353, 220, 181, 422, 412, 76, 242, 206, 201, 365, 166, 177, 39, 214, 403, 276, 180, 475, 277, 19, 488, 408, 355, 345, 163, 227, 424, 432, 494, 61, 350, 89, 436, 310, 188, 150, 320, 6, 106, 169, 198, 40, 29, 46, 446, 247, 357, 336, 57, 399, 421, 189, 148, 160, 433, 66, 158, 222, 468, 476, 229, 154, 167, 56, 482, 390, 191, 212, 149, 472, 343, 246, 126, 28, 4, 288, 369, 16, 258, 254, 182, 159, 134, 251, 255, 384, 335, 360, 120, 415, 235, 75, 441, 64, 136, 119, 33, 346, 161, 63, 84, 217, 211, 109, 305, 325, 7, 372, 368, 282, 187, 240, 438, 123, 296, 402, 164, 451, 140, 174, 221, 404, 275, 199, 129, 429, 495, 94, 83, 142, 314, 233, 243, 116, 466, 87, 264, 445, 112, 380, 330, 318, 400, 413, 172, 12, 375, 105, 361, 263, 197, 117, 290, 26, 47, 128, 43, 133, 334, 48, 311, 440, 31, 232, 141, 101, 486, 493, 362, 312, 460, 176, 49, 270, 15, 111, 491, 65, 86, 53, 108, 302, 319, 52, 93, 471, 209, 100, 266, 146, 363, 73, 300, 68, 219, 152, 351, 173, 18, 321, 323, 138, 236, 168, 170, 178, 303, 96, 2, 309, 45, 230, 453, 114, 379, 349, 98, 38, 132, 11, 329, 67, 376, 457, 317, 313, 348, 257, 418, 269, 434, 204, 430, 444, 297, 237, 171, 213, 157, 110, 210, 156, 326, 121, 202, 304, 389, 463, 338, 279, 292, 327, 218, 231, 291, 271, 88, 294, 36, 328, 419, 13, 42, 186, 267, 50, 394, 139, 456, 196, 90, 448, 69, 286, 427, 381, 308, 387, 316, 289, 9, 195, 184]"
"42","72.61749958992004","76989.2265625","79436.050295398","[0, 74, 358, 285, 333, 249, 5, 137, 459, 262, 447, 281, 192, 223, 315, 411, 21, 284, 103, 118, 337, 234, 479, 193, 278, 99, 92, 245, 428, 130, 153, 95, 260, 322, 426, 388, 59, 420, 409, 405, 344, 183, 295, 367, 58, 431, 81, 104, 465, 124, 215, 342, 14, 54, 377, 71, 32, 393, 241, 467, 85, 115, 478, 484, 306, 443, 492, 470, 207, 385, 485, 205, 113, 410, 10, 265, 324, 131, 190, 481, 423, 27, 34, 391, 356, 20, 8, 259, 373, 347, 1, 44, 398, 450, 185, 406, 248, 489, 250, 224, 386, 175, 253, 396, 499, 203, 25, 416, 122, 274, 102, 239, 425, 252, 354, 359, 226, 155, 469, 283, 382, 216, 72, 370, 79, 23, 135, 497, 147, 417, 483, 273, 392, 244, 51, 3, 341, 143, 22, 82, 107, 280, 437, 127, 151, 442, 55, 364, 435, 395, 272, 228, 383, 496, 461, 268, 35, 480, 17, 78, 454, 97, 487, 145, 299, 37, 401, 238, 298, 70, 179, 261, 293, 407, 378, 200, 30, 165, 24, 464, 397, 301, 439, 307, 91, 339, 458, 490, 414, 80, 77, 452, 473, 41, 366, 462, 256, 162, 208, 287, 194, 474, 371, 477, 455, 62, 60, 332, 374, 144, 449, 225, 125, 498, 352, 340, 331, 353, 220, 181, 422, 412, 76, 242, 206, 201, 365, 166, 177, 39, 214, 403, 276, 180, 475, 277, 19, 488, 408, 355, 345, 163, 227, 424, 432, 494, 61, 89, 350, 436, 310, 188, 150, 320, 6, 106, 169, 198, 40, 29, 46, 446, 247, 357, 336, 57, 399, 421, 189, 148, 160, 433, 66, 158, 222, 468, 476, 229, 154, 167, 56, 482, 390, 191, 212, 149, 472, 343, 246, 126, 28, 4, 288, 369, 16, 258, 254, 182, 159, 134, 251, 255, 384, 335, 360, 120, 415, 235, 75, 441, 64, 136, 119, 33, 346, 161, 63, 84, 217, 211, 109, 305, 325, 7, 372, 368, 282, 187, 240, 438, 123, 296, 402, 164, 451, 140, 174, 221, 404, 275, 199, 129, 429, 495, 94, 83, 142, 314, 233, 243, 116, 466, 87, 264, 445, 112, 380, 330, 318, 400, 413, 172, 12, 375, 105, 361, 263, 197, 117, 290, 26, 47, 128, 43, 133, 334, 48, 311, 440, 31, 232, 141, 101, 486, 493, 362, 312, 460, 176, 49, 270, 15, 111, 491, 65, 86, 53, 108, 302, 319, 52, 93, 471, 209, 100, 266, 146, 363, 73, 300, 68, 219, 152, 351, 173, 18, 321, 323, 138, 236, 168, 170, 178, 303, 96, 2, 309, 45, 230, 453, 114, 379, 349, 98, 38, 132, 11, 329, 67, 376, 457, 317, 313, 348, 257, 418, 269, 434, 204, 430, 444, 297, 237, 171, 213, 157, 110, 210, 156, 326, 121, 202, 304, 389, 463, 338, 279, 292, 327, 218, 231, 291, 271, 88, 294, 36, 328, 419, 13, 42, 186, 267, 50, 394, 139, 456, 196, 90, 448, 69, 286, 427, 381, 308, 387, 316, 289, 9, 195, 184]"
"43","74.37976479530334","76943.71875","79103.84724813433","[0, 74, 358, 285, 333, 249, 5, 137, 459, 262, 447, 281, 192, 223, 315, 411, 21, 284, 103, 118, 337, 234, 479, 193, 278, 99, 92, 245, 428, 130, 153, 95, 260, 322, 426, 388, 59, 420, 409, 405, 344, 183, 295, 367, 58, 431, 81, 104, 465, 124, 215, 342, 14, 54, 377, 71, 32, 393, 241, 467, 85, 115, 478, 484, 306, 443, 492, 470, 207, 385, 485, 205, 113, 410, 10, 265, 324, 131, 190, 481, 423, 27, 34, 391, 356, 20, 8, 259, 373, 347, 1, 44, 398, 450, 185, 406, 248, 489, 250, 224, 386, 175, 253, 396, 499, 203, 25, 416, 122, 274, 102, 239, 425, 252, 354, 359, 226, 155, 469, 283, 382, 216, 72, 370, 79, 23, 135, 497, 147, 417, 483, 273, 392, 244, 51, 3, 341, 143, 22, 82, 107, 280, 437, 127, 151, 442, 55, 364, 435, 395, 272, 228, 383, 496, 461, 268, 35, 480, 17, 78, 454, 97, 487, 145, 299, 37, 401, 238, 298, 70, 179, 261, 293, 407, 378, 200, 30, 165, 24, 464, 397, 301, 439, 307, 91, 339, 458, 490, 414, 80, 77, 452, 473, 41, 366, 462, 256, 162, 208, 287, 194, 474, 371, 477, 455, 62, 60, 332, 374, 144, 449, 225, 125, 498, 352, 340, 331, 353, 220, 181, 422, 412, 76, 242, 206, 201, 365, 166, 177, 39, 214, 403, 276, 180, 475, 277, 19, 488, 408, 355, 345, 163, 227, 424, 432, 494, 61, 89, 350, 436, 310, 150, 320, 188, 6, 106, 169, 198, 40, 29, 46, 446, 247, 357, 336, 57, 399, 421, 189, 148, 160, 433, 66, 158, 222, 468, 476, 229, 154, 167, 56, 482, 390, 191, 212, 149, 472, 343, 246, 126, 28, 4, 288, 369, 16, 258, 254, 182, 159, 134, 251, 255, 384, 335, 360, 120, 415, 235, 75, 441, 64, 136, 119, 33, 346, 161, 63, 84, 217, 211, 109, 305, 325, 7, 372, 368, 282, 187, 240, 438, 123, 296, 402, 164, 451, 140, 174, 221, 404, 275, 199, 129, 429, 495, 94, 83, 142, 314, 233, 243, 116, 466, 87, 264, 445, 112, 380, 330, 318, 400, 413, 172, 12, 375, 105, 361, 263, 197, 117, 290, 26, 47, 128, 43, 133, 334, 48, 311, 440, 31, 232, 141, 101, 486, 493, 362, 312, 460, 176, 49, 270, 15, 111, 491, 65, 86, 53, 108, 302, 319, 52, 93, 471, 209, 100, 266, 146, 363, 73, 300, 68, 219, 152, 351, 173, 18, 321, 323, 138, 236, 168, 170, 178, 303, 96, 2, 309, 45, 230, 453, 114, 379, 349, 98, 38, 132, 11, 329, 67, 376, 457, 317, 313, 348, 257, 418, 269, 434, 204, 430, 444, 297, 237, 171, 213, 157, 110, 210, 156, 326, 121, 202, 304, 389, 463, 338, 279, 292, 327, 218, 88, 291, 271, 231, 294, 36, 328, 419, 13, 42, 186, 267, 50, 394, 139, 456, 196, 90, 448, 69, 427, 286, 381, 308, 387, 316, 289, 9, 195, 184]"
"44","76.13911867141724","76943.71875","79277.1532960199","[0, 74, 358, 285, 333, 249, 5, 137, 459, 262, 447, 281, 192, 223, 315, 411, 21, 284, 103, 118, 337, 234, 479, 193, 278, 99, 92, 245, 428, 130, 153, 95, 260, 322, 426, 388, 59, 420, 409, 405, 344, 183, 295, 367, 58, 431, 81, 104, 465, 124, 215, 342, 14, 54, 377, 71, 32, 393, 241, 467, 85, 115, 478, 484, 306, 443, 492, 470, 207, 385, 485, 205, 113, 410, 10, 265, 324, 131, 190, 481, 423, 27, 34, 391, 356, 20, 8, 259, 373, 347, 1, 44, 398, 450, 185, 406, 248, 489, 250, 224, 386, 175, 253, 396, 499, 203, 25, 416, 122, 274, 102, 239, 425, 252, 354, 359, 226, 155, 469, 283, 382, 216, 72, 370, 79, 23, 135, 497, 147, 417, 483, 273, 392, 244, 51, 3, 341, 143, 22, 82, 107, 280, 437, 127, 151, 442, 55, 364, 435, 395, 272, 228, 383, 496, 461, 268, 35, 480, 17, 78, 454, 97, 487, 145, 299, 37, 401, 238, 298, 70, 179, 261, 293, 407, 378, 200, 30, 165, 24, 464, 397, 301, 439, 307, 91, 339, 458, 490, 414, 80, 77, 452, 473, 41, 366, 462, 256, 162, 208, 287, 194, 474, 371, 477, 455, 62, 60, 332, 374, 144, 449, 225, 125, 498, 352, 340, 331, 353, 220, 181, 422, 412, 76, 242, 206, 201, 365, 166, 177, 39, 214, 403, 276, 180, 475, 277, 19, 488, 408, 355, 345, 163, 227, 424, 432, 494, 61, 89, 350, 436, 310, 150, 320, 188, 6, 106, 169, 198, 40, 29, 46, 446, 247, 357, 336, 57, 399, 421, 189, 148, 160, 433, 66, 158, 222, 468, 476, 229, 154, 167, 56, 482, 390, 191, 212, 149, 472, 343, 246, 126, 28, 4, 288, 369, 16, 258, 254, 182, 159, 134, 251, 255, 384, 335, 360, 120, 415, 235, 75, 441, 64, 136, 119, 33, 346, 161, 63, 84, 217, 211, 109, 305, 325, 7, 372, 368, 282, 187, 240, 438, 123, 296, 402, 164, 451, 140, 174, 221, 404, 275, 199, 129, 429, 495, 94, 83, 142, 314, 233, 243, 116, 466, 87, 264, 445, 112, 380, 330, 318, 400, 413, 172, 12, 375, 105, 361, 263, 197, 117, 290, 26, 47, 128, 43, 133, 334, 48, 311, 440, 31, 232, 141, 101, 486, 493, 362, 312, 460, 176, 49, 270, 15, 111, 491, 65, 86, 53, 108, 302, 319, 52, 93, 471, 209, 100, 266, 146, 363, 73, 300, 68, 219, 152, 351, 173, 18, 321, 323, 138, 236, 168, 170, 178, 303, 96, 2, 309, 45, 230, 453, 114, 379, 349, 98, 38, 132, 11, 329, 67, 376, 457, 317, 313, 348, 257, 418, 269, 434, 204, 430, 444, 297, 237, 171, 213, 157, 110, 210, 156, 326, 121, 202, 304, 389, 463, 338, 279, 292, 327, 218, 88, 291, 271, 231, 294, 36, 328, 419, 13, 42, 186, 267, 50, 394, 139, 456, 196, 90, 448, 69, 427, 286, 381, 308, 387, 316, 289, 9, 195, 184]"
"45","77.9060800075531","76938.2421875","79280.62915889303","[0, 74, 358, 285, 333, 249, 5, 137, 459, 262, 447, 281, 192, 223, 315, 411, 21, 284, 103, 118, 337, 234, 479, 193, 278, 99, 92, 245, 428, 130, 153, 95, 260, 322, 426, 388, 59, 420, 409, 405, 344, 183, 295, 367, 58, 431, 81, 104, 465, 124, 215, 342, 14, 54, 377, 71, 32, 393, 241, 467, 85, 115, 478, 484, 306, 443, 492, 470, 207, 385, 485, 205, 113, 410, 10, 265, 324, 131, 190, 481, 423, 27, 34, 391, 356, 20, 8, 259, 373, 347, 1, 44, 398, 450, 185, 406, 248, 489, 250, 224, 386, 175, 253, 396, 499, 203, 25, 416, 122, 274, 102, 239, 425, 252, 354, 359, 226, 155, 469, 283, 382, 216, 72, 370, 79, 23, 135, 497, 147, 417, 483, 273, 392, 244, 51, 3, 341, 143, 22, 82, 107, 280, 437, 127, 151, 442, 55, 364, 435, 395, 272, 228, 383, 496, 461, 268, 35, 480, 17, 78, 454, 97, 487, 145, 299, 37, 401, 238, 298, 70, 179, 261, 293, 407, 378, 200, 30, 165, 24, 464, 397, 301, 439, 307, 91, 339, 458, 490, 414, 80, 77, 452, 473, 41, 366, 462, 256, 162, 208, 287, 194, 474, 371, 477, 455, 62, 60, 332, 374, 144, 449, 225, 125, 498, 352, 340, 331, 353, 220, 181, 422, 412, 76, 242, 206, 201, 365, 166, 177, 39, 214, 403, 276, 180, 475, 277, 19, 488, 408, 355, 345, 163, 227, 424, 432, 494, 61, 89, 350, 436, 310, 150, 320, 188, 6, 106, 169, 198, 40, 29, 46, 446, 247, 357, 336, 57, 399, 421, 189, 148, 160, 433, 66, 158, 222, 468, 476, 229, 154, 167, 56, 482, 390, 191, 212, 149, 472, 343, 246, 126, 28, 4, 288, 369, 16, 258, 254, 182, 159, 134, 251, 255, 384, 335, 360, 120, 415, 235, 75, 441, 64, 136, 119, 33, 346, 161, 63, 84, 217, 211, 109, 305, 325, 7, 372, 368, 282, 187, 240, 438, 123, 296, 402, 164, 451, 140, 174, 221, 404, 275, 199, 129, 429, 495, 94, 83, 142, 314, 233, 243, 116, 466, 87, 264, 445, 112, 380, 330, 318, 400, 413, 172, 12, 375, 105, 361, 263, 197, 117, 290, 26, 47, 128, 43, 133, 334, 48, 311, 440, 31, 232, 141, 101, 486, 493, 362, 312, 460, 176, 49, 270, 15, 111, 491, 65, 86, 53, 108, 302, 319, 52, 93, 471, 209, 100, 266, 146, 363, 73, 300, 68, 219, 152, 351, 173, 18, 321, 323, 138, 236, 168, 170, 178, 303, 96, 2, 309, 45, 230, 453, 114, 379, 349, 98, 38, 132, 11, 329, 67, 376, 457, 317, 313, 348, 257, 418, 269, 434, 204, 430, 444, 297, 237, 171, 213, 157, 110, 210, 156, 326, 121, 202, 304, 389, 463, 338, 279, 292, 327, 218, 88, 291, 271, 231, 294, 36, 328, 419, 13, 42, 186, 267, 50, 394, 139, 456, 196, 90, 448, 69, 286, 427, 381, 308, 387, 316, 289, 9, 195, 184]"
"46","79.67374753952026","76912.25","79494.41503420398","[0, 74, 358, 285, 333, 249, 5, 137, 459, 262, 447, 281, 192, 223, 315, 411, 21, 284, 103, 118, 337, 234, 479, 193, 278, 99, 92, 245, 428, 130, 153, 95, 260, 322, 426, 388, 59, 420, 409, 405, 344, 183, 295, 367, 58, 431, 81, 104, 465, 124, 215, 342, 14, 54, 377, 71, 32, 393, 241, 467, 85, 115, 478, 484, 306, 443, 492, 470, 207, 385, 113, 410, 205, 485, 324, 265, 10, 131, 190, 481, 423, 27, 34, 391, 356, 20, 8, 259, 373, 347, 1, 44, 398, 450, 185, 406, 248, 489, 250, 224, 386, 175, 253, 396, 499, 203, 25, 416, 122, 274, 102, 239, 425, 252, 354, 359, 226, 155, 469, 283, 382, 216, 72, 370, 79, 23, 135, 497, 147, 417, 483, 273, 392, 244, 51, 3, 341, 143, 22, 82, 107, 280, 437, 127, 151, 442, 55, 364, 435, 395, 272, 228, 383, 496, 461, 268, 35, 480, 17, 78, 454, 97, 487, 145, 299, 37, 401, 238, 298, 70, 179, 261, 293, 407, 378, 200, 30, 165, 24, 464, 397, 301, 439, 307, 91, 339, 458, 490, 414, 80, 77, 452, 473, 41, 366, 462, 256, 162, 208, 287, 194, 474, 371, 477, 455, 62, 60, 332, 374, 144, 449, 225, 125, 498, 352, 340, 331, 353, 220, 181, 422, 412, 76, 242, 206, 201, 365, 166, 177, 39, 214, 403, 276, 180, 475, 277, 19, 488, 408, 355, 345, 163, 227, 424, 432, 494, 61, 89, 350, 436, 310, 150, 320, 188, 6, 106, 169, 198, 40, 29, 46, 446, 247, 357, 336, 57, 399, 421, 189, 148, 160, 433, 66, 158, 222, 468, 476, 229, 154, 167, 56, 482, 390, 191, 212, 149, 472, 343, 246, 126, 28, 4, 288, 369, 16, 258, 254, 182, 159, 134, 251, 255, 384, 335, 360, 120, 415, 235, 75, 441, 64, 136, 119, 33, 346, 161, 63, 84, 217, 211, 109, 305, 325, 7, 372, 368, 282, 187, 240, 438, 123, 296, 402, 164, 451, 140, 174, 221, 404, 275, 199, 129, 429, 495, 94, 83, 142, 314, 233, 243, 116, 466, 87, 264, 445, 112, 380, 330, 318, 400, 413, 172, 12, 375, 105, 361, 263, 197, 117, 290, 26, 47, 128, 43, 133, 334, 48, 311, 440, 31, 232, 141, 101, 486, 493, 362, 312, 460, 176, 49, 270, 15, 111, 491, 65, 86, 53, 108, 302, 319, 52, 93, 471, 209, 100, 266, 146, 363, 73, 300, 68, 219, 152, 351, 173, 18, 321, 323, 138, 236, 168, 170, 178, 303, 96, 2, 309, 45, 230, 453, 114, 379, 349, 98, 38, 132, 11, 329, 67, 376, 457, 317, 313, 348, 257, 418, 269, 434, 204, 430, 444, 297, 237, 171, 213, 157, 110, 210, 156, 326, 121, 202, 304, 389, 463, 338, 279, 292, 327, 218, 88, 291, 271, 231, 294, 36, 328, 419, 13, 42, 186, 267, 50, 394, 139, 456, 196, 90, 448, 69, 427, 286, 381, 308, 387, 316, 289, 9, 195, 184]"
"47","81.44173884391785","76903.2265625","79594.26764614428","[0, 74, 358, 285, 333, 249, 5, 137, 459, 262, 447, 281, 192, 223, 315, 411, 21, 284, 103, 118, 337, 234, 479, 193, 278, 99, 92, 245, 428, 130, 153, 95, 260, 322, 426, 388, 59, 420, 409, 405, 344, 183, 295, 367, 58, 431, 81, 104, 465, 124, 215, 342, 14, 54, 377, 71, 32, 393, 241, 467, 85, 115, 478, 484, 306, 443, 492, 470, 207, 385, 113, 410, 205, 485, 324, 265, 10, 131, 190, 481, 423, 27, 34, 391, 356, 20, 8, 259, 373, 347, 1, 44, 398, 450, 185, 406, 248, 489, 250, 224, 386, 175, 253, 396, 499, 203, 25, 416, 122, 274, 102, 239, 425, 252, 354, 359, 226, 155, 469, 283, 382, 216, 72, 370, 79, 23, 135, 497, 147, 417, 483, 273, 392, 244, 51, 3, 341, 143, 22, 82, 107, 280, 437, 127, 151, 442, 55, 364, 435, 395, 272, 228, 383, 496, 461, 268, 35, 480, 17, 78, 454, 97, 487, 145, 299, 37, 401, 238, 298, 70, 179, 261, 293, 407, 378, 200, 30, 165, 24, 464, 397, 301, 439, 339, 307, 91, 458, 490, 414, 80, 77, 452, 473, 41, 366, 462, 256, 162, 208, 287, 194, 474, 371, 477, 455, 62, 60, 332, 374, 144, 449, 225, 125, 498, 352, 340, 331, 353, 220, 181, 422, 412, 76, 242, 206, 201, 365, 166, 177, 39, 214, 403, 276, 180, 475, 277, 19, 488, 408, 355, 345, 163, 227, 424, 432, 494, 61, 89, 350, 436, 310, 150, 320, 188, 6, 106, 169, 198, 40, 29, 46, 446, 247, 357, 336, 57, 399, 421, 189, 148, 160, 433, 66, 158, 222, 468, 476, 229, 154, 167, 56, 482, 390, 191, 212, 149, 472, 343, 246, 126, 28, 4, 288, 369, 16, 258, 254, 182, 159, 134, 251, 255, 384, 335, 360, 120, 415, 235, 75, 441, 64, 136, 119, 33, 346, 161, 63, 84, 217, 211, 109, 305, 325, 7, 372, 368, 282, 187, 240, 438, 123, 296, 402, 164, 451, 140, 174, 221, 404, 275, 199, 129, 429, 495, 94, 83, 142, 314, 233, 243, 116, 466, 87, 264, 445, 112, 380, 330, 318, 400, 413, 172, 12, 375, 105, 361, 263, 197, 117, 290, 26, 47, 128, 43, 133, 334, 48, 311, 440, 31, 232, 141, 101, 486, 493, 362, 312, 460, 176, 49, 270, 15, 111, 491, 65, 86, 53, 108, 302, 319, 52, 93, 471, 209, 100, 266, 146, 363, 73, 300, 68, 219, 152, 351, 173, 18, 321, 323, 138, 236, 168, 170, 178, 303, 96, 2, 309, 45, 230, 453, 114, 379, 349, 98, 38, 132, 11, 329, 67, 376, 457, 317, 313, 348, 257, 418, 269, 434, 204, 430, 444, 297, 237, 171, 213, 157, 110, 210, 156, 326, 121, 202, 304, 389, 463, 338, 279, 292, 327, 218, 88, 291, 271, 231, 294, 36, 328, 419, 13, 42, 186, 267, 50, 394, 139, 456, 196, 90, 448, 69, 427, 286, 381, 308, 387, 316, 289, 9, 195, 184]"
"48","83.21191191673279","76897.7578125","79495.2580068408","[0, 74, 358, 285, 333, 249, 5, 137, 459, 262, 447, 281, 192, 223, 315, 411, 21, 284, 103, 118, 337, 234, 479, 193, 278, 99, 92, 245, 428, 130, 153, 95, 260, 322, 426, 388, 59, 420, 409, 405, 344, 183, 295, 367, 58, 431, 81, 104, 465, 124, 215, 342, 14, 54, 377, 71, 32, 393, 241, 467, 85, 115, 478, 484, 306, 443, 492, 470, 207, 385, 113, 410, 205, 485, 324, 265, 10, 131, 190, 481, 423, 27, 34, 391, 356, 20, 8, 259, 373, 347, 1, 44, 398, 450, 185, 406, 248, 489, 250, 224, 386, 175, 253, 396, 499, 203, 25, 416, 122, 274, 102, 239, 425, 252, 354, 359, 226, 155, 469, 283, 382, 216, 72, 370, 79, 23, 135, 497, 147, 417, 483, 273, 392, 244, 51, 3, 341, 143, 22, 82, 107, 280, 437, 127, 151, 442, 55, 364, 435, 395, 272, 228, 383, 496, 461, 268, 35, 480, 17, 78, 454, 97, 487, 145, 299, 37, 401, 238, 298, 70, 179, 261, 293, 407, 378, 200, 30, 165, 24, 464, 397, 301, 439, 339, 307, 91, 458, 490, 414, 80, 77, 452, 473, 41, 366, 462, 256, 162, 208, 287, 194, 474, 371, 477, 455, 62, 60, 332, 374, 144, 449, 225, 125, 498, 352, 340, 331, 353, 220, 181, 422, 412, 76, 242, 206, 201, 365, 166, 177, 39, 214, 403, 276, 180, 475, 277, 19, 488, 408, 355, 345, 163, 227, 424, 432, 494, 61, 89, 350, 436, 310, 150, 320, 188, 6, 106, 169, 198, 40, 29, 46, 446, 247, 357, 336, 57, 399, 421, 189, 148, 160, 433, 66, 158, 222, 468, 476, 229, 154, 167, 56, 482, 390, 191, 212, 149, 472, 343, 246, 126, 28, 4, 288, 369, 16, 258, 254, 182, 159, 134, 251, 255, 384, 335, 360, 120, 415, 235, 75, 441, 64, 136, 119, 33, 346, 161, 63, 84, 217, 211, 109, 305, 325, 7, 372, 368, 282, 187, 240, 438, 123, 296, 402, 164, 451, 140, 174, 221, 404, 275, 199, 129, 429, 495, 94, 83, 142, 314, 233, 243, 116, 466, 87, 264, 445, 112, 380, 330, 318, 400, 413, 172, 12, 375, 105, 361, 263, 197, 117, 290, 26, 47, 128, 43, 133, 334, 48, 311, 440, 31, 232, 141, 101, 486, 493, 362, 312, 460, 176, 49, 270, 15, 111, 491, 65, 86, 53, 108, 302, 319, 52, 93, 471, 209, 100, 266, 146, 363, 73, 300, 68, 219, 152, 351, 173, 18, 321, 323, 138, 236, 168, 170, 178, 303, 96, 2, 309, 45, 230, 453, 114, 379, 349, 98, 38, 132, 11, 329, 67, 376, 457, 317, 313, 348, 257, 418, 269, 434, 204, 430, 444, 297, 237, 171, 213, 157, 110, 210, 156, 326, 121, 202, 304, 389, 463, 338, 279, 292, 327, 218, 88, 291, 271, 231, 294, 36, 328, 419, 13, 42, 186, 267, 50, 394, 139, 456, 196, 90, 448, 69, 286, 427, 381, 308, 387, 316, 289, 9, 195, 184]"
"49","84.98105430603027","76875.7265625","79366.44057058457","[0, 74, 358, 285, 333, 249, 5, 137, 459, 262, 447, 281, 192, 223, 315, 411, 21, 284, 103, 118, 337, 234, 479, 193, 278, 99, 92, 245, 428, 130, 153, 95, 260, 322, 426, 388, 59, 420, 409, 405, 344, 183, 295, 367, 58, 431, 81, 104, 465, 124, 215, 342, 14, 54, 377, 71, 32, 393, 241, 467, 85, 115, 478, 484, 306, 443, 492, 470, 207, 385, 113, 410, 205, 485, 324, 265, 10, 131, 190, 481, 423, 27, 34, 391, 356, 20, 8, 259, 373, 347, 1, 44, 398, 450, 185, 406, 248, 489, 250, 224, 386, 175, 253, 396, 499, 203, 25, 416, 122, 274, 102, 239, 425, 252, 354, 359, 226, 155, 469, 283, 382, 216, 72, 370, 79, 23, 135, 497, 147, 417, 483, 273, 392, 244, 51, 3, 341, 143, 22, 82, 107, 280, 437, 127, 151, 442, 55, 364, 435, 395, 272, 228, 383, 496, 461, 268, 35, 480, 17, 78, 454, 97, 487, 145, 299, 37, 401, 238, 298, 70, 179, 261, 293, 407, 378, 200, 30, 165, 24, 464, 397, 301, 439, 339, 307, 91, 458, 490, 414, 80, 77, 452, 473, 41, 366, 462, 256, 162, 208, 287, 194, 474, 371, 477, 455, 62, 60, 332, 374, 144, 449, 225, 125, 498, 352, 340, 331, 353, 220, 181, 422, 412, 76, 242, 206, 201, 365, 166, 177, 39, 214, 403, 276, 180, 475, 277, 19, 488, 408, 355, 345, 163, 227, 424, 432, 494, 61, 89, 350, 436, 310, 150, 320, 188, 6, 106, 169, 198, 40, 29, 46, 446, 247, 357, 336, 57, 399, 421, 189, 148, 160, 433, 66, 158, 222, 468, 476, 229, 154, 167, 56, 482, 390, 191, 212, 149, 472, 343, 246, 126, 28, 4, 288, 369, 16, 258, 254, 182, 159, 134, 251, 255, 384, 335, 360, 120, 415, 235, 75, 441, 64, 136, 119, 33, 346, 161, 63, 84, 217, 211, 109, 305, 325, 7, 372, 368, 282, 187, 240, 438, 123, 296, 402, 164, 451, 140, 174, 221, 404, 275, 129, 199, 495, 429, 94, 83, 142, 314, 233, 243, 116, 466, 87, 264, 445, 112, 380, 330, 318, 400, 413, 172, 12, 375, 105, 361, 263, 197, 117, 290, 26, 47, 128, 43, 133, 334, 48, 311, 440, 31, 232, 141, 101, 486, 493, 362, 312, 460, 176, 49, 270, 15, 111, 491, 65, 86, 53, 108, 302, 319, 52, 93, 471, 209, 100, 266, 146, 363, 73, 300, 68, 219, 152, 351, 173, 18, 321, 323, 138, 236, 168, 170, 178, 303, 96, 2, 309, 45, 230, 453, 114, 379, 349, 98, 38, 132, 11, 329, 67, 376, 457, 317, 313, 348, 257, 418, 269, 434, 204, 430, 444, 297, 237, 171, 213, 157, 110, 210, 156, 326, 121, 202, 304, 389, 463, 338, 279, 292, 327, 218, 88, 291, 271, 231, 294, 36, 328, 419, 13, 42, 186, 267, 50, 394, 139, 456, 196, 90, 448, 69, 286, 427, 381, 308, 387, 316, 289, 9, 195, 184]"
"50","86.75008773803711","76875.7265625","79334.40671641791","[0, 74, 358, 285, 333, 249, 5, 137, 459, 262, 447, 281, 192, 223, 315, 411, 21, 284, 103, 118, 337, 234, 479, 193, 278, 99, 92, 245, 428, 130, 153, 95, 260, 322, 426, 388, 59, 420, 409, 405, 344, 183, 295, 367, 58, 431, 81, 104, 465, 124, 215, 342, 14, 54, 377, 71, 32, 393, 241, 467, 85, 115, 478, 484, 306, 443, 492, 470, 207, 385, 113, 410, 205, 485, 324, 265, 10, 131, 190, 481, 423, 27, 34, 391, 356, 20, 8, 259, 373, 347, 1, 44, 398, 450, 185, 406, 248, 489, 250, 224, 386, 175, 253, 396, 499, 203, 25, 416, 122, 274, 102, 239, 425, 252, 354, 359, 226, 155, 469, 283, 382, 216, 72, 370, 79, 23, 135, 497, 147, 417, 483, 273, 392, 244, 51, 3, 341, 143, 22, 82, 107, 280, 437, 127, 151, 442, 55, 364, 435, 395, 272, 228, 383, 496, 461, 268, 35, 480, 17, 78, 454, 97, 487, 145, 299, 37, 401, 238, 298, 70, 179, 261, 293, 407, 378, 200, 30, 165, 24, 464, 397, 301, 439, 339, 307, 91, 458, 490, 414, 80, 77, 452, 473, 41, 366, 462, 256, 162, 208, 287, 194, 474, 371, 477, 455, 62, 60, 332, 374, 144, 449, 225, 125, 498, 352, 340, 331, 353, 220, 181, 422, 412, 76, 242, 206, 201, 365, 166, 177, 39, 214, 403, 276, 180, 475, 277, 19, 488, 408, 355, 345, 163, 227, 424, 432, 494, 61, 89, 350, 436, 310, 150, 320, 188, 6, 106, 169, 198, 40, 29, 46, 446, 247, 357, 336, 57, 399, 421, 189, 148, 160, 433, 66, 158, 222, 468, 476, 229, 154, 167, 56, 482, 390, 191, 212, 149, 472, 343, 246, 126, 28, 4, 288, 369, 16, 258, 254, 182, 159, 134, 251, 255, 384, 335, 360, 120, 415, 235, 75, 441, 64, 136, 119, 33, 346, 161, 63, 84, 217, 211, 109, 305, 325, 7, 372, 368, 282, 187, 240, 438, 123, 296, 402, 164, 451, 140, 174, 221, 404, 275, 129, 199, 495, 429, 94, 83, 142, 314, 233, 243, 116, 466, 87, 264, 445, 112, 380, 330, 318, 400, 413, 172, 12, 375, 105, 361, 263, 197, 117, 290, 26, 47, 128, 43, 133, 334, 48, 311, 440, 31, 232, 141, 101, 486, 493, 362, 312, 460, 176, 49, 270, 15, 111, 491, 65, 86, 53, 108, 302, 319, 52, 93, 471, 209, 100, 266, 146, 363, 73, 300, 68, 219, 152, 351, 173, 18, 321, 323, 138, 236, 168, 170, 178, 303, 96, 2, 309, 45, 230, 453, 114, 379, 349, 98, 38, 132, 11, 329, 67, 376, 457, 317, 313, 348, 257, 418, 269, 434, 204, 430, 444, 297, 237, 171, 213, 157, 110, 210, 156, 326, 121, 202, 304, 389, 463, 338, 279, 292, 327, 218, 88, 291, 271, 231, 294, 36, 328, 419, 13, 42, 186, 267, 50, 394, 139, 456, 196, 90, 448, 69, 286, 427, 381, 308, 387, 316, 289, 9, 195, 184]"
"51","88.51683449745178","76875.7265625","79483.79291044777","[0, 74, 358, 285, 333, 249, 5, 137, 459, 262, 447, 281, 192, 223, 315, 411, 21, 284, 103, 118, 337, 234, 479, 193, 278, 99, 92, 245, 428, 130, 153, 95, 260, 322, 426, 388, 59, 420, 409, 405, 344, 183, 295, 367, 58, 431, 81, 104, 465, 124, 215, 342, 14, 54, 377, 71, 32, 393, 241, 467, 85, 115, 478, 484, 306, 443, 492, 470, 207, 385, 113, 410, 205, 485, 324, 265, 10, 131, 190, 481, 423, 27, 34, 391, 356, 20, 8, 259, 373, 347, 1, 44, 398, 450, 185, 406, 248, 489, 250, 224, 386, 175, 253, 396, 499, 203, 25, 416, 122, 274, 102, 239, 425, 252, 354, 359, 226, 155, 469, 283, 382, 216, 72, 370, 79, 23, 135, 497, 147, 417, 483, 273, 392, 244, 51, 3, 341, 143, 22, 82, 107, 280, 437, 127, 151, 442, 55, 364, 435, 395, 272, 228, 383, 496, 461, 268, 35, 480, 17, 78, 454, 97, 487, 145, 299, 37, 401, 238, 298, 70, 179, 261, 293, 407, 378, 200, 30, 165, 24, 464, 397, 301, 439, 339, 307, 91, 458, 490, 414, 80, 77, 452, 473, 41, 366, 462, 256, 162, 208, 287, 194, 474, 371, 477, 455, 62, 60, 332, 374, 144, 449, 225, 125, 498, 352, 340, 331, 353, 220, 181, 422, 412, 76, 242, 206, 201, 365, 166, 177, 39, 214, 403, 276, 180, 475, 277, 19, 488, 408, 355, 345, 163, 227, 424, 432, 494, 61, 89, 350, 436, 310, 150, 320, 188, 6, 106, 169, 198, 40, 29, 46, 446, 247, 357, 336, 57, 399, 421, 189, 148, 160, 433, 66, 158, 222, 468, 476, 229, 154, 167, 56, 482, 390, 191, 212, 149, 472, 343, 246, 126, 28, 4, 288, 369, 16, 258, 254, 182, 159, 134, 251, 255, 384, 335, 360, 120, 415, 235, 75, 441, 64, 136, 119, 33, 346, 161, 63, 84, 217, 211, 109, 305, 325, 7, 372, 368, 282, 187, 240, 438, 123, 296, 402, 164, 451, 140, 174, 221, 404, 275, 129, 199, 495, 429, 94, 83, 142, 314, 233, 243, 116, 466, 87, 264, 445, 112, 380, 330, 318, 400, 413, 172, 12, 375, 105, 361, 263, 197, 117, 290, 26, 47, 128, 43, 133, 334, 48, 311, 440, 31, 232, 141, 101, 486, 493, 362, 312, 460, 176, 49, 270, 15, 111, 491, 65, 86, 53, 108, 302, 319, 52, 93, 471, 209, 100, 266, 146, 363, 73, 300, 68, 219, 152, 351, 173, 18, 321, 323, 138, 236, 168, 170, 178, 303, 96, 2, 309, 45, 230, 453, 114, 379, 349, 98, 38, 132, 11, 329, 67, 376, 457, 317, 313, 348, 257, 418, 269, 434, 204, 430, 444, 297, 237, 171, 213, 157, 110, 210, 156, 326, 121, 202, 304, 389, 463, 338, 279, 292, 327, 218, 88, 291, 271, 231, 294, 36, 328, 419, 13, 42, 186, 267, 50, 394, 139, 456, 196, 90, 448, 69, 286, 427, 381, 308, 387, 316, 289, 9, 195, 184]"
"52","90.28642916679382","76875.7265625","79501.68812189055","[0, 74, 358, 285, 333, 249, 5, 137, 459, 262, 447, 281, 192, 223, 315, 411, 21, 284, 103, 118, 337, 234, 479, 193, 278, 99, 92, 245, 428, 130, 153, 95, 260, 322, 426, 388, 59, 420, 409, 405, 344, 183, 295, 367, 58, 431, 81, 104, 465, 124, 215, 342, 14, 54, 377, 71, 32, 393, 241, 467, 85, 115, 478, 484, 306, 443, 492, 470, 207, 385, 113, 410, 205, 485, 324, 265, 10, 131, 190, 481, 423, 27, 34, 391, 356, 20, 8, 259, 373, 347, 1, 44, 398, 450, 185, 406, 248, 489, 250, 224, 386, 175, 253, 396, 499, 203, 25, 416, 122, 274, 102, 239, 425, 252, 354, 359, 226, 155, 469, 283, 382, 216, 72, 370, 79, 23, 135, 497, 147, 417, 483, 273, 392, 244, 51, 3, 341, 143, 22, 82, 107, 280, 437, 127, 151, 442, 55, 364, 435, 395, 272, 228, 383, 496, 461, 268, 35, 480, 17, 78, 454, 97, 487, 145, 299, 37, 401, 238, 298, 70, 179, 261, 293, 407, 378, 200, 30, 165, 24, 464, 397, 301, 439, 339, 307, 91, 458, 490, 414, 80, 77, 452, 473, 41, 366, 462, 256, 162, 208, 287, 194, 474, 371, 477, 455, 62, 60, 332, 374, 144, 449, 225, 125, 498, 352, 340, 331, 353, 220, 181, 422, 412, 76, 242, 206, 201, 365, 166, 177, 39, 214, 403, 276, 180, 475, 277, 19, 488, 408, 355, 345, 163, 227, 424, 432, 494, 61, 89, 350, 436, 310, 150, 320, 188, 6, 106, 169, 198, 40, 29, 46, 446, 247, 357, 336, 57, 399, 421, 189, 148, 160, 433, 66, 158, 222, 468, 476, 229, 154, 167, 56, 482, 390, 191, 212, 149, 472, 343, 246, 126, 28, 4, 288, 369, 16, 258, 254, 182, 159, 134, 251, 255, 384, 335, 360, 120, 415, 235, 75, 441, 64, 136, 119, 33, 346, 161, 63, 84, 217, 211, 109, 305, 325, 7, 372, 368, 282, 187, 240, 438, 123, 296, 402, 164, 451, 140, 174, 221, 404, 275, 129, 199, 495, 429, 94, 83, 142, 314, 233, 243, 116, 466, 87, 264, 445, 112, 380, 330, 318, 400, 413, 172, 12, 375, 105, 361, 263, 197, 117, 290, 26, 47, 128, 43, 133, 334, 48, 311, 440, 31, 232, 141, 101, 486, 493, 362, 312, 460, 176, 49, 270, 15, 111, 491, 65, 86, 53, 108, 302, 319, 52, 93, 471, 209, 100, 266, 146, 363, 73, 300, 68, 219, 152, 351, 173, 18, 321, 323, 138, 236, 168, 170, 178, 303, 96, 2, 309, 45, 230, 453, 114, 379, 349, 98, 38, 132, 11, 329, 67, 376, 457, 317, 313, 348, 257, 418, 269, 434, 204, 430, 444, 297, 237, 171, 213, 157, 110, 210, 156, 326, 121, 202, 304, 389, 463, 338, 279, 292, 327, 218, 88, 291, 271, 231, 294, 36, 328, 419, 13, 42, 186, 267, 50, 394, 139, 456, 196, 90, 448, 69, 286, 427, 381, 308, 387, 316, 289, 9, 195, 184]"
"53","92.05365443229675","76860.9609375","79384.8428949005","[0, 74, 358, 285, 333, 249, 5, 137, 459, 262, 447, 281, 192, 223, 315, 411, 21, 284, 103, 118, 337, 234, 479, 193, 278, 99, 92, 245, 428, 130, 153, 95, 260, 322, 426, 388, 59, 420, 409, 405, 344, 183, 295, 367, 58, 431, 81, 104, 465, 124, 215, 342, 14, 54, 377, 71, 32, 393, 241, 467, 85, 115, 478, 484, 306, 443, 492, 470, 207, 385, 113, 410, 205, 485, 324, 265, 10, 131, 190, 481, 423, 27, 34, 391, 356, 20, 8, 259, 373, 347, 1, 44, 398, 450, 185, 406, 489, 250, 224, 248, 386, 175, 253, 396, 499, 203, 25, 416, 122, 274, 102, 239, 425, 252, 354, 359, 226, 155, 469, 283, 382, 216, 72, 370, 79, 23, 135, 497, 147, 417, 483, 273, 392, 244, 51, 3, 341, 143, 22, 82, 107, 280, 437, 127, 151, 442, 55, 364, 435, 395, 272, 228, 383, 496, 461, 268, 35, 480, 17, 78, 454, 97, 487, 145, 299, 37, 401, 238, 298, 70, 179, 261, 293, 407, 378, 200, 30, 165, 24, 464, 397, 301, 439, 339, 307, 91, 458, 490, 414, 80, 77, 452, 473, 41, 366, 462, 256, 162, 208, 287, 194, 474, 371, 477, 455, 62, 60, 332, 374, 144, 449, 225, 125, 498, 352, 340, 331, 353, 220, 181, 422, 412, 76, 242, 206, 201, 365, 166, 177, 39, 214, 403, 276, 180, 475, 277, 19, 488, 408, 355, 345, 163, 227, 424, 432, 494, 61, 89, 350, 436, 310, 150, 320, 188, 6, 106, 169, 198, 40, 29, 46, 446, 247, 357, 336, 57, 399, 421, 189, 148, 160, 433, 66, 158, 222, 468, 476, 229, 154, 167, 56, 482, 390, 191, 212, 149, 472, 343, 246, 126, 28, 4, 288, 369, 16, 258, 254, 182, 159, 134, 251, 255, 384, 335, 360, 120, 415, 235, 75, 441, 64, 136, 119, 33, 346, 161, 63, 84, 217, 211, 109, 305, 325, 7, 372, 368, 282, 187, 240, 438, 123, 296, 402, 164, 451, 140, 174, 221, 404, 275, 129, 199, 495, 429, 94, 83, 142, 314, 233, 243, 116, 466, 87, 264, 445, 112, 380, 330, 318, 400, 413, 172, 12, 375, 105, 361, 263, 197, 117, 290, 26, 47, 128, 43, 133, 334, 48, 311, 440, 31, 232, 141, 101, 486, 493, 362, 312, 460, 176, 49, 270, 15, 111, 491, 65, 86, 53, 108, 302, 319, 52, 93, 471, 209, 100, 266, 146, 363, 73, 300, 68, 219, 152, 351, 173, 18, 321, 323, 138, 236, 168, 170, 178, 303, 96, 2, 309, 45, 230, 453, 114, 379, 349, 98, 38, 132, 11, 329, 67, 376, 457, 317, 313, 348, 257, 418, 269, 434, 204, 430, 444, 297, 237, 171, 213, 157, 110, 210, 156, 326, 121, 202, 304, 389, 463, 338, 279, 292, 327, 218, 88, 291, 271, 231, 294, 36, 328, 419, 13, 42, 186, 267, 50, 394, 139, 456, 196, 90, 448, 69, 286, 427, 381, 308, 387, 316, 289, 9, 195, 184]"
"54","93.81544947624207","76838.2265625","79340.71070429105","[0, 74, 358, 285, 333, 249, 5, 137, 459, 262, 447, 281, 192, 223, 315, 411, 21, 284, 103, 118, 337, 234, 479, 193, 278, 99, 92, 245, 428, 130, 153, 95, 260, 322, 426, 388, 59, 420, 409, 405, 344, 183, 295, 367, 58, 431, 81, 104, 465, 124, 215, 342, 14, 54, 377, 71, 32, 393, 241, 467, 85, 115, 478, 484, 306, 443, 492, 470, 207, 385, 113, 410, 205, 485, 324, 265, 10, 131, 190, 481, 423, 27, 34, 391, 356, 20, 8, 259, 373, 347, 1, 44, 398, 450, 185, 406, 248, 489, 250, 224, 386, 175, 253, 396, 499, 203, 25, 416, 122, 274, 102, 239, 425, 252, 354, 359, 226, 155, 469, 283, 382, 216, 72, 370, 79, 23, 135, 497, 147, 417, 483, 273, 392, 244, 51, 3, 341, 143, 22, 82, 107, 280, 437, 127, 151, 442, 55, 364, 435, 395, 272, 228, 383, 496, 461, 268, 35, 480, 17, 78, 454, 97, 487, 145, 299, 37, 401, 238, 298, 70, 179, 261, 293, 407, 378, 200, 30, 165, 24, 464, 397, 301, 439, 339, 307, 91, 458, 490, 414, 80, 77, 452, 473, 41, 366, 462, 256, 162, 208, 287, 194, 474, 371, 477, 455, 62, 60, 332, 374, 144, 449, 225, 125, 498, 352, 340, 331, 353, 220, 181, 422, 412, 76, 242, 206, 201, 365, 166, 177, 39, 214, 403, 276, 180, 475, 277, 19, 488, 408, 355, 345, 163, 227, 424, 432, 494, 61, 89, 350, 436, 310, 150, 320, 188, 6, 106, 169, 198, 40, 29, 46, 446, 247, 357, 336, 57, 399, 421, 189, 148, 160, 433, 66, 158, 222, 468, 476, 229, 154, 167, 56, 482, 390, 191, 212, 149, 472, 343, 246, 126, 28, 4, 288, 369, 16, 258, 254, 182, 159, 134, 251, 255, 384, 335, 360, 120, 415, 235, 75, 441, 64, 136, 119, 33, 346, 161, 63, 84, 217, 211, 109, 305, 325, 7, 372, 368, 282, 187, 240, 438, 123, 296, 402, 164, 451, 140, 174, 221, 404, 275, 129, 199, 495, 429, 94, 83, 142, 314, 233, 243, 116, 466, 87, 264, 445, 112, 380, 330, 318, 400, 413, 172, 12, 375, 105, 361, 263, 197, 117, 290, 26, 47, 128, 43, 133, 334, 48, 311, 440, 31, 232, 141, 101, 486, 493, 362, 312, 460, 176, 49, 270, 15, 111, 491, 65, 86, 53, 108, 302, 319, 52, 93, 471, 209, 100, 266, 146, 363, 73, 300, 68, 219, 152, 351, 173, 18, 321, 323, 138, 236, 168, 170, 178, 303, 96, 2, 309, 45, 230, 453, 114, 379, 349, 98, 38, 132, 11, 329, 67, 376, 457, 317, 313, 348, 257, 418, 269, 434, 204, 430, 444, 297, 237, 171, 213, 157, 110, 210, 156, 326, 121, 202, 304, 389, 463, 338, 279, 292, 327, 218, 88, 291, 271, 231, 294, 36, 328, 419, 13, 42, 186, 267, 50, 394, 139, 456, 196, 90, 427, 448, 69, 286, 381, 308, 387, 316, 289, 9, 195, 184]"
"55","95.57518553733826","76822.7265625","79435.47384172886","[0, 74, 358, 285, 333, 249, 5, 137, 459, 262, 447, 281, 192, 223, 315, 411, 21, 284, 103, 118, 337, 234, 479, 193, 278, 99, 92, 245, 428, 130, 153, 95, 260, 322, 426, 388, 59, 420, 409, 405, 344, 183, 295, 367, 58, 431, 81, 104, 465, 124, 215, 342, 14, 54, 377, 71, 32, 393, 241, 467, 85, 115, 478, 484, 306, 443, 492, 470, 207, 385, 113, 410, 205, 485, 324, 265, 10, 131, 190, 481, 423, 27, 34, 391, 356, 20, 8, 259, 373, 347, 1, 44, 398, 450, 185, 406, 489, 250, 224, 248, 386, 175, 253, 396, 499, 203, 25, 416, 122, 274, 102, 239, 425, 252, 354, 359, 226, 155, 469, 283, 382, 216, 72, 370, 79, 23, 135, 497, 147, 417, 483, 273, 392, 244, 51, 3, 341, 143, 22, 82, 107, 280, 437, 127, 151, 442, 55, 364, 435, 395, 272, 228, 383, 496, 461, 268, 35, 480, 17, 78, 454, 97, 487, 145, 299, 37, 401, 238, 298, 70, 179, 261, 293, 407, 378, 200, 30, 165, 24, 464, 397, 301, 439, 339, 307, 91, 458, 490, 414, 80, 77, 452, 473, 41, 366, 462, 256, 162, 208, 287, 194, 474, 371, 477, 455, 62, 60, 332, 374, 144, 449, 225, 125, 498, 352, 340, 331, 353, 220, 181, 422, 412, 76, 242, 206, 201, 365, 166, 177, 39, 214, 403, 276, 180, 475, 277, 19, 488, 408, 355, 345, 163, 227, 424, 432, 494, 61, 89, 350, 436, 310, 150, 320, 188, 6, 106, 169, 198, 40, 29, 46, 446, 247, 357, 336, 57, 399, 421, 189, 148, 160, 433, 66, 158, 222, 468, 476, 229, 154, 167, 56, 482, 390, 191, 212, 149, 472, 343, 246, 126, 28, 4, 288, 369, 16, 258, 254, 182, 159, 134, 251, 255, 384, 335, 360, 120, 415, 235, 75, 441, 64, 136, 119, 33, 346, 161, 63, 84, 217, 211, 109, 305, 325, 7, 372, 368, 282, 187, 240, 438, 123, 296, 402, 164, 451, 140, 174, 221, 404, 275, 129, 199, 495, 429, 94, 83, 142, 314, 233, 243, 116, 466, 87, 264, 445, 112, 380, 330, 318, 400, 413, 172, 12, 375, 105, 361, 263, 197, 117, 290, 26, 47, 128, 43, 133, 334, 48, 311, 440, 31, 232, 141, 101, 486, 493, 362, 312, 460, 176, 49, 270, 15, 111, 491, 65, 86, 53, 302, 108, 319, 52, 93, 471, 209, 100, 266, 146, 363, 73, 300, 68, 219, 152, 351, 173, 18, 321, 323, 138, 236, 168, 170, 178, 303, 96, 2, 309, 45, 230, 453, 114, 379, 349, 98, 38, 132, 11, 329, 67, 376, 457, 317, 313, 348, 257, 418, 269, 434, 204, 430, 444, 297, 237, 171, 213, 157, 110, 210, 156, 326, 121, 202, 304, 389, 463, 338, 279, 292, 327, 218, 88, 291, 271, 231, 294, 36, 328, 419, 13, 42, 186, 267, 50, 394, 139, 456, 196, 90, 427, 448, 69, 286, 381, 308, 387, 316, 289, 9, 195, 184]"
"56","97.33478546142578","76817.6328125","79684.5322994403","[0, 74, 358, 285, 333, 249, 5, 137, 459, 262, 447, 281, 192, 223, 315, 411, 21, 284, 103, 118, 337, 234, 479, 193, 278, 99, 92, 245, 428, 130, 153, 95, 260, 322, 426, 388, 59, 420, 409, 405, 344, 183, 295, 367, 58, 431, 81, 104, 465, 124, 215, 342, 14, 54, 377, 71, 32, 393, 241, 467, 85, 115, 478, 484, 306, 443, 492, 470, 207, 385, 113, 410, 205, 485, 324, 265, 10, 131, 190, 481, 423, 27, 34, 391, 356, 20, 8, 259, 373, 347, 1, 44, 398, 450, 185, 406, 489, 250, 224, 248, 386, 175, 253, 396, 499, 203, 25, 416, 122, 274, 102, 239, 425, 252, 354, 359, 226, 155, 469, 283, 382, 216, 72, 370, 79, 23, 135, 497, 147, 417, 483, 273, 392, 244, 51, 3, 341, 143, 22, 82, 107, 280, 437, 127, 151, 442, 55, 364, 435, 395, 272, 228, 383, 496, 461, 268, 35, 480, 17, 78, 454, 97, 487, 145, 299, 37, 401, 238, 298, 70, 179, 261, 293, 407, 378, 200, 30, 165, 24, 464, 397, 301, 439, 339, 307, 91, 458, 490, 414, 80, 77, 452, 473, 41, 366, 462, 256, 162, 208, 287, 194, 474, 371, 477, 455, 62, 60, 332, 374, 144, 449, 225, 125, 498, 352, 340, 331, 353, 220, 181, 422, 412, 76, 242, 206, 201, 365, 166, 177, 39, 214, 403, 276, 180, 475, 277, 19, 488, 408, 355, 345, 163, 227, 424, 432, 494, 61, 89, 350, 436, 310, 150, 320, 188, 6, 106, 169, 198, 40, 29, 46, 446, 247, 357, 336, 57, 399, 421, 189, 148, 160, 433, 66, 158, 222, 468, 476, 229, 154, 167, 56, 482, 390, 191, 212, 149, 472, 343, 246, 126, 28, 4, 288, 369, 16, 258, 254, 182, 159, 134, 251, 255, 384, 335, 360, 120, 415, 235, 75, 441, 64, 136, 119, 33, 346, 161, 63, 84, 217, 211, 109, 305, 325, 7, 372, 368, 282, 187, 240, 438, 123, 296, 402, 164, 451, 140, 174, 275, 221, 404, 129, 199, 495, 429, 94, 83, 142, 314, 233, 243, 116, 466, 87, 264, 445, 112, 380, 330, 318, 400, 413, 172, 12, 375, 105, 361, 263, 197, 117, 290, 26, 47, 128, 43, 133, 334, 48, 311, 440, 31, 232, 141, 101, 486, 493, 362, 312, 460, 176, 49, 270, 15, 111, 491, 65, 86, 53, 108, 302, 319, 52, 93, 471, 209, 100, 266, 146, 363, 73, 300, 68, 219, 152, 351, 173, 18, 321, 323, 138, 236, 168, 170, 178, 303, 96, 2, 309, 45, 230, 453, 114, 379, 349, 98, 38, 132, 11, 329, 67, 376, 457, 317, 313, 348, 257, 418, 269, 434, 204, 430, 444, 297, 237, 171, 213, 157, 110, 210, 156, 326, 121, 202, 304, 389, 463, 338, 279, 292, 327, 218, 88, 291, 271, 231, 294, 36, 328, 419, 13, 42, 186, 267, 50, 394, 139, 456, 196, 90, 427, 448, 69, 286, 381, 308, 387, 316, 289, 9, 195, 184]"
"57","99.09824895858765","76801.4453125","79592.15092506219","[0, 74, 358, 285, 333, 249, 5, 137, 459, 262, 447, 281, 192, 223, 315, 411, 21, 284, 103, 118, 337, 234, 479, 193, 278, 99, 92, 245, 428, 130, 153, 95, 260, 322, 426, 388, 59, 420, 409, 405, 344, 183, 295, 367, 58, 431, 81, 104, 465, 124, 215, 342, 14, 54, 377, 71, 32, 393, 241, 467, 85, 115, 478, 484, 306, 443, 492, 470, 207, 385, 113, 410, 205, 485, 324, 265, 10, 131, 190, 481, 423, 27, 34, 391, 356, 20, 8, 259, 373, 347, 1, 44, 398, 450, 185, 406, 489, 250, 224, 248, 386, 175, 253, 396, 499, 203, 25, 416, 122, 274, 102, 239, 425, 252, 354, 359, 226, 155, 469, 283, 382, 216, 72, 370, 79, 23, 135, 497, 147, 417, 483, 273, 392, 244, 51, 3, 341, 143, 22, 82, 107, 280, 437, 127, 151, 442, 55, 364, 435, 395, 272, 228, 383, 496, 461, 268, 35, 480, 17, 78, 454, 97, 487, 145, 299, 37, 401, 238, 298, 70, 179, 261, 293, 407, 378, 200, 30, 165, 24, 464, 397, 301, 439, 339, 307, 91, 458, 490, 414, 80, 77, 452, 473, 41, 366, 462, 256, 162, 208, 287, 194, 474, 371, 477, 455, 62, 60, 332, 374, 144, 449, 225, 125, 498, 352, 340, 331, 353, 220, 181, 422, 412, 76, 242, 206, 201, 365, 166, 177, 39, 214, 403, 276, 180, 475, 277, 19, 488, 408, 355, 345, 163, 227, 424, 432, 494, 61, 89, 350, 436, 310, 150, 320, 188, 6, 106, 169, 198, 40, 29, 46, 446, 247, 357, 336, 57, 399, 421, 189, 148, 160, 433, 66, 158, 222, 468, 476, 229, 154, 167, 56, 482, 390, 191, 212, 149, 472, 343, 246, 126, 28, 4, 288, 369, 16, 258, 254, 182, 159, 134, 251, 255, 384, 335, 360, 120, 415, 235, 75, 441, 64, 136, 119, 33, 346, 161, 63, 84, 217, 211, 109, 305, 325, 7, 372, 368, 282, 187, 240, 438, 123, 296, 402, 164, 451, 140, 174, 221, 404, 275, 129, 199, 495, 429, 94, 83, 142, 314, 233, 243, 116, 466, 87, 264, 445, 112, 380, 330, 318, 400, 413, 172, 12, 375, 105, 361, 263, 197, 117, 290, 26, 47, 128, 43, 133, 334, 311, 440, 31, 232, 48, 141, 101, 486, 493, 362, 312, 460, 176, 49, 270, 15, 111, 491, 65, 86, 53, 302, 108, 319, 52, 93, 471, 209, 100, 266, 146, 363, 73, 300, 68, 219, 152, 351, 173, 18, 321, 323, 138, 236, 168, 170, 178, 303, 96, 2, 309, 45, 230, 453, 114, 379, 349, 98, 38, 132, 11, 329, 67, 376, 457, 317, 313, 348, 257, 418, 269, 434, 204, 430, 444, 297, 237, 171, 213, 157, 110, 210, 156, 326, 121, 202, 304, 389, 463, 338, 279, 292, 327, 218, 88, 291, 271, 231, 294, 36, 328, 419, 13, 42, 186, 267, 50, 394, 139, 456, 196, 90, 427, 448, 69, 286, 381, 308, 387, 316, 289, 9, 195, 184]"
"58","100.85981225967407","76795.6171875","79602.1220460199","[0, 74, 358, 285, 333, 249, 5, 137, 459, 262, 447, 281, 192, 223, 315, 411, 21, 284, 103, 118, 337, 234, 479, 193, 278, 99, 92, 245, 428, 130, 153, 95, 260, 322, 426, 388, 59, 420, 409, 405, 344, 183, 295, 367, 58, 431, 81, 104, 465, 124, 215, 342, 14, 54, 377, 71, 32, 393, 241, 467, 85, 115, 478, 484, 306, 443, 492, 470, 207, 385, 113, 410, 205, 485, 324, 265, 10, 131, 190, 481, 423, 27, 34, 391, 356, 20, 8, 259, 373, 347, 1, 44, 398, 450, 185, 406, 489, 250, 224, 248, 386, 175, 253, 396, 499, 203, 25, 416, 122, 274, 102, 239, 425, 252, 354, 359, 226, 155, 469, 283, 382, 216, 72, 370, 79, 23, 135, 497, 147, 417, 483, 273, 392, 244, 51, 3, 341, 143, 22, 82, 107, 280, 437, 127, 151, 442, 55, 364, 435, 395, 272, 228, 383, 496, 461, 268, 35, 480, 17, 78, 454, 97, 487, 145, 299, 37, 401, 238, 298, 70, 179, 261, 293, 407, 378, 200, 30, 165, 24, 464, 397, 301, 439, 339, 307, 91, 458, 490, 414, 80, 77, 452, 473, 41, 366, 462, 256, 162, 208, 287, 194, 474, 371, 477, 455, 62, 60, 332, 374, 144, 449, 225, 125, 498, 352, 340, 331, 353, 220, 181, 422, 412, 76, 242, 206, 201, 365, 166, 177, 39, 214, 403, 276, 180, 475, 277, 19, 488, 408, 355, 345, 163, 227, 424, 432, 494, 61, 89, 350, 436, 310, 150, 320, 188, 6, 106, 169, 198, 40, 29, 46, 446, 247, 357, 336, 57, 399, 421, 189, 148, 160, 433, 66, 158, 222, 468, 476, 229, 154, 167, 56, 482, 390, 191, 212, 149, 472, 343, 246, 126, 28, 4, 288, 369, 16, 258, 254, 182, 159, 134, 251, 255, 384, 335, 360, 120, 415, 235, 75, 441, 64, 136, 119, 33, 346, 161, 63, 84, 217, 211, 109, 305, 325, 7, 372, 368, 282, 187, 240, 438, 123, 296, 402, 164, 451, 140, 174, 275, 221, 404, 129, 199, 495, 429, 94, 83, 142, 314, 233, 243, 116, 466, 87, 264, 445, 112, 380, 330, 318, 400, 413, 172, 12, 375, 105, 361, 263, 197, 117, 290, 26, 47, 128, 43, 133, 334, 311, 440, 31, 232, 48, 141, 101, 486, 493, 362, 312, 460, 176, 49, 270, 15, 111, 491, 65, 86, 53, 302, 108, 319, 52, 93, 471, 209, 100, 266, 146, 363, 73, 300, 68, 219, 152, 351, 173, 18, 321, 323, 138, 236, 168, 170, 178, 303, 96, 2, 309, 45, 230, 453, 114, 379, 349, 98, 38, 132, 11, 329, 67, 376, 457, 317, 313, 348, 257, 418, 269, 434, 204, 430, 444, 297, 237, 171, 213, 157, 110, 210, 156, 326, 121, 202, 304, 389, 463, 338, 279, 292, 327, 218, 88, 291, 271, 231, 294, 36, 328, 419, 13, 42, 186, 267, 50, 394, 139, 456, 196, 90, 427, 448, 69, 286, 381, 308, 387, 316, 289, 9, 195, 184]"
"59","102.62002468109131","76772.7890625","79698.38984763682","[0, 74, 358, 285, 333, 249, 5, 137, 459, 262, 447, 281, 192, 223, 315, 411, 21, 284, 103, 118, 337, 234, 479, 193, 278, 99, 92, 245, 428, 130, 153, 95, 260, 322, 426, 388, 59, 420, 409, 405, 344, 183, 295, 367, 58, 431, 81, 104, 465, 124, 215, 342, 14, 54, 377, 71, 32, 393, 241, 467, 85, 115, 478, 484, 306, 443, 492, 470, 207, 385, 113, 410, 205, 485, 324, 265, 10, 131, 190, 481, 423, 27, 34, 391, 356, 20, 8, 259, 373, 347, 1, 44, 398, 450, 185, 406, 489, 250, 224, 248, 386, 175, 253, 396, 499, 203, 25, 416, 122, 274, 102, 239, 425, 252, 354, 359, 226, 155, 469, 283, 382, 216, 72, 370, 79, 23, 135, 497, 147, 417, 483, 273, 392, 244, 51, 3, 341, 143, 22, 82, 107, 280, 437, 127, 151, 442, 55, 364, 435, 395, 272, 228, 383, 496, 461, 268, 35, 480, 17, 78, 454, 97, 487, 145, 299, 37, 401, 238, 298, 70, 179, 261, 293, 407, 378, 200, 30, 165, 24, 464, 397, 301, 439, 339, 307, 91, 458, 490, 414, 80, 77, 452, 473, 41, 366, 462, 256, 162, 208, 287, 194, 474, 371, 477, 455, 62, 60, 332, 374, 144, 449, 225, 125, 498, 352, 340, 331, 353, 220, 181, 422, 412, 76, 242, 206, 201, 365, 166, 214, 177, 403, 39, 276, 180, 475, 277, 19, 488, 408, 355, 345, 163, 227, 424, 432, 494, 61, 89, 350, 436, 310, 150, 320, 188, 6, 106, 169, 198, 40, 29, 46, 446, 247, 357, 336, 57, 399, 421, 189, 148, 160, 433, 66, 158, 222, 468, 476, 229, 154, 167, 56, 482, 390, 191, 212, 149, 472, 343, 246, 126, 28, 4, 288, 369, 16, 258, 254, 182, 159, 134, 251, 255, 384, 335, 360, 120, 415, 235, 75, 441, 64, 136, 119, 33, 346, 161, 63, 84, 217, 211, 109, 305, 325, 7, 372, 368, 282, 187, 240, 438, 123, 296, 402, 164, 451, 140, 174, 275, 221, 404, 129, 199, 495, 429, 94, 83, 142, 314, 233, 243, 116, 466, 87, 264, 445, 112, 380, 330, 318, 400, 413, 172, 12, 375, 105, 361, 263, 197, 117, 290, 26, 47, 128, 43, 133, 334, 311, 440, 31, 232, 48, 141, 101, 486, 493, 362, 312, 460, 176, 49, 270, 15, 111, 491, 65, 86, 53, 302, 108, 319, 52, 93, 471, 209, 100, 266, 146, 363, 73, 300, 68, 219, 152, 351, 173, 18, 321, 323, 138, 236, 168, 170, 178, 303, 96, 2, 309, 45, 230, 453, 114, 379, 349, 98, 38, 132, 11, 329, 67, 376, 457, 317, 313, 348, 257, 418, 269, 434, 204, 430, 444, 297, 237, 171, 213, 157, 110, 210, 156, 326, 121, 202, 304, 389, 463, 338, 279, 292, 327, 218, 88, 291, 271, 231, 294, 36, 328, 419, 13, 42, 186, 267, 50, 394, 139, 456, 196, 90, 427, 448, 69, 286, 381, 308, 387, 316, 289, 9, 195, 184]"
"60","104.38498830795288","76751.6328125","79567.31856343284","[0, 74, 358, 285, 333, 249, 5, 137, 459, 262, 447, 281, 192, 223, 315, 411, 21, 284, 103, 118, 337, 234, 479, 193, 278, 99, 92, 245, 428, 130, 153, 95, 260, 322, 426, 388, 59, 420, 409, 405, 344, 183, 295, 367, 58, 431, 81, 104, 465, 124, 215, 342, 14, 54, 377, 71, 32, 393, 241, 467, 85, 115, 478, 484, 306, 443, 492, 470, 207, 385, 113, 410, 205, 485, 324, 265, 10, 131, 190, 481, 423, 27, 34, 391, 356, 20, 8, 259, 373, 347, 1, 44, 398, 450, 185, 406, 489, 250, 224, 248, 386, 175, 253, 396, 499, 203, 25, 416, 122, 274, 102, 239, 425, 252, 354, 359, 226, 155, 469, 283, 382, 216, 72, 370, 79, 23, 135, 497, 147, 417, 483, 273, 392, 244, 51, 3, 341, 143, 22, 82, 107, 280, 437, 127, 151, 442, 55, 364, 435, 395, 272, 228, 383, 496, 461, 268, 35, 480, 17, 78, 454, 97, 487, 145, 299, 37, 401, 238, 298, 70, 179, 261, 293, 407, 378, 200, 30, 165, 24, 464, 397, 301, 439, 339, 307, 91, 458, 490, 414, 80, 77, 452, 473, 41, 366, 462, 256, 162, 208, 287, 194, 474, 371, 477, 455, 62, 60, 332, 374, 144, 449, 225, 125, 498, 352, 340, 331, 353, 220, 181, 422, 412, 76, 242, 206, 201, 365, 166, 214, 177, 403, 39, 276, 180, 475, 277, 19, 488, 408, 355, 345, 163, 227, 424, 432, 494, 61, 89, 350, 436, 310, 150, 320, 188, 6, 106, 169, 198, 40, 29, 46, 446, 247, 357, 336, 57, 399, 421, 189, 148, 160, 433, 66, 158, 222, 468, 476, 229, 154, 167, 56, 482, 390, 191, 212, 149, 472, 343, 246, 126, 28, 4, 288, 369, 16, 258, 254, 182, 159, 134, 251, 255, 384, 335, 360, 120, 415, 235, 75, 64, 441, 136, 119, 33, 346, 161, 63, 84, 217, 211, 109, 305, 325, 7, 372, 368, 282, 187, 240, 438, 123, 296, 402, 164, 451, 140, 174, 275, 221, 404, 129, 199, 495, 429, 94, 83, 142, 314, 233, 243, 116, 466, 87, 264, 445, 112, 380, 330, 318, 400, 413, 172, 12, 375, 105, 361, 263, 197, 117, 290, 26, 47, 128, 43, 133, 334, 311, 440, 31, 232, 48, 141, 101, 486, 493, 362, 312, 460, 176, 49, 270, 15, 111, 491, 65, 86, 53, 302, 108, 319, 52, 93, 471, 209, 100, 266, 146, 363, 73, 300, 68, 219, 152, 351, 173, 18, 321, 323, 138, 236, 168, 170, 178, 303, 96, 2, 309, 45, 230, 453, 114, 379, 349, 98, 38, 132, 11, 329, 67, 376, 457, 317, 313, 348, 257, 418, 269, 434, 204, 430, 444, 297, 237, 171, 213, 157, 110, 210, 156, 326, 121, 202, 304, 389, 463, 338, 279, 292, 327, 218, 88, 291, 271, 231, 294, 36, 328, 419, 13, 42, 186, 267, 50, 394, 139, 456, 196, 90, 427, 448, 69, 286, 381, 308, 387, 316, 289, 9, 195, 184]"
"61","106.14719653129578","76742.390625","79524.19900497512","[0, 74, 358, 285, 333, 249, 5, 137, 459, 262, 447, 281, 192, 223, 315, 411, 21, 284, 103, 118, 337, 234, 479, 193, 278, 99, 92, 245, 428, 130, 153, 95, 260, 322, 426, 388, 59, 420, 409, 405, 344, 58, 295, 183, 367, 431, 81, 104, 465, 124, 215, 342, 14, 54, 377, 71, 32, 393, 241, 467, 85, 115, 478, 484, 306, 443, 492, 470, 207, 385, 113, 410, 205, 485, 324, 265, 10, 131, 190, 481, 423, 27, 34, 391, 356, 20, 8, 259, 373, 347, 1, 44, 398, 450, 185, 406, 489, 250, 224, 248, 386, 175, 253, 396, 499, 203, 25, 416, 122, 274, 102, 239, 425, 252, 354, 359, 226, 155, 469, 283, 382, 216, 72, 370, 79, 23, 135, 497, 147, 417, 483, 273, 392, 244, 51, 3, 341, 143, 22, 82, 107, 280, 437, 127, 151, 442, 55, 364, 435, 395, 272, 228, 383, 496, 461, 268, 35, 480, 17, 78, 454, 97, 487, 145, 299, 37, 401, 238, 298, 70, 179, 261, 293, 407, 378, 200, 30, 165, 24, 464, 397, 301, 439, 339, 307, 91, 458, 490, 414, 80, 77, 452, 473, 41, 366, 462, 256, 162, 208, 287, 194, 474, 371, 477, 455, 62, 60, 332, 374, 144, 449, 225, 125, 498, 352, 340, 331, 353, 220, 181, 422, 412, 76, 242, 206, 201, 365, 166, 214, 177, 403, 39, 276, 180, 475, 277, 19, 488, 408, 355, 345, 163, 227, 424, 432, 494, 61, 89, 350, 436, 310, 150, 320, 188, 6, 106, 169, 198, 40, 29, 46, 446, 247, 357, 336, 57, 399, 421, 189, 148, 160, 433, 66, 158, 222, 468, 476, 229, 154, 167, 56, 482, 390, 191, 212, 149, 472, 343, 246, 126, 28, 4, 288, 369, 16, 258, 254, 182, 159, 134, 251, 255, 384, 335, 360, 120, 415, 235, 75, 64, 441, 136, 119, 33, 346, 161, 63, 84, 217, 211, 109, 305, 325, 7, 372, 368, 282, 187, 240, 438, 123, 296, 402, 164, 451, 140, 174, 275, 221, 404, 129, 199, 495, 429, 94, 83, 142, 314, 233, 243, 116, 466, 87, 264, 445, 112, 380, 330, 318, 400, 413, 172, 12, 375, 105, 361, 263, 197, 117, 290, 26, 47, 128, 43, 133, 334, 311, 440, 31, 232, 48, 141, 101, 486, 493, 362, 312, 460, 176, 49, 270, 15, 111, 491, 65, 86, 53, 302, 108, 319, 52, 93, 471, 209, 100, 266, 146, 363, 73, 300, 68, 219, 152, 351, 173, 18, 321, 323, 138, 236, 168, 170, 178, 303, 96, 2, 309, 45, 230, 453, 114, 379, 349, 98, 38, 132, 11, 329, 67, 376, 457, 317, 313, 348, 257, 418, 269, 434, 204, 430, 444, 297, 237, 171, 213, 157, 110, 210, 156, 326, 121, 202, 304, 389, 463, 338, 279, 292, 327, 218, 88, 291, 271, 231, 294, 36, 328, 419, 13, 42, 186, 267, 50, 394, 139, 456, 196, 90, 427, 448, 69, 286, 381, 308, 387, 316, 289, 9, 195, 184]"
"62","107.9110176563263","76742.390625","79244.50042754975","[0, 74, 358, 285, 333, 249, 5, 137, 459, 262, 447, 281, 192, 223, 315, 411, 21, 284, 103, 118, 337, 234, 479, 193, 278, 99, 92, 245, 428, 130, 153, 95, 260, 322, 426, 388, 59, 420, 409, 405, 344, 58, 295, 183, 367, 431, 81, 104, 465, 124, 215, 342, 14, 54, 377, 71, 32, 393, 241, 467, 85, 115, 478, 484, 306, 443, 492, 470, 207, 385, 113, 410, 205, 485, 324, 265, 10, 131, 190, 481, 423, 27, 34, 391, 356, 20, 8, 259, 373, 347, 1, 44, 398, 450, 185, 406, 489, 250, 224, 248, 386, 175, 253, 396, 499, 203, 25, 416, 122, 274, 102, 239, 425, 252, 354, 359, 226, 155, 469, 283, 382, 216, 72, 370, 79, 23, 135, 497, 147, 417, 483, 273, 392, 244, 51, 3, 341, 143, 22, 82, 107, 280, 437, 127, 151, 442, 55, 364, 435, 395, 272, 228, 383, 496, 461, 268, 35, 480, 17, 78, 454, 97, 487, 145, 299, 37, 401, 238, 298, 70, 179, 261, 293, 407, 378, 200, 30, 165, 24, 464, 397, 301, 439, 339, 307, 91, 458, 490, 414, 80, 77, 452, 473, 41, 366, 462, 256, 162, 208, 287, 194, 474, 371, 477, 455, 62, 60, 332, 374, 144, 449, 225, 125, 498, 352, 340, 331, 353, 220, 181, 422, 412, 76, 242, 206, 201, 365, 166, 214, 177, 403, 39, 276, 180, 475, 277, 19, 488, 408, 355, 345, 163, 227, 424, 432, 494, 61, 89, 350, 436, 310, 150, 320, 188, 6, 106, 169, 198, 40, 29, 46, 446, 247, 357, 336, 57, 399, 421, 189, 148, 160, 433, 66, 158, 222, 468, 476, 229, 154, 167, 56, 482, 390, 191, 212, 149, 472, 343, 246, 126, 28, 4, 288, 369, 16, 258, 254, 182, 159, 134, 251, 255, 384, 335, 360, 120, 415, 235, 75, 64, 441, 136, 119, 33, 346, 161, 63, 84, 217, 211, 109, 305, 325, 7, 372, 368, 282, 187, 240, 438, 123, 296, 402, 164, 451, 140, 174, 275, 221, 404, 129, 199, 495, 429, 94, 83, 142, 314, 233, 243, 116, 466, 87, 264, 445, 112, 380, 330, 318, 400, 413, 172, 12, 375, 105, 361, 263, 197, 117, 290, 26, 47, 128, 43, 133, 334, 311, 440, 31, 232, 48, 141, 101, 486, 493, 362, 312, 460, 176, 49, 270, 15, 111, 491, 65, 86, 53, 302, 108, 319, 52, 93, 471, 209, 100, 266, 146, 363, 73, 300, 68, 219, 152, 351, 173, 18, 321, 323, 138, 236, 168, 170, 178, 303, 96, 2, 309, 45, 230, 453, 114, 379, 349, 98, 38, 132, 11, 329, 67, 376, 457, 317, 313, 348, 257, 418, 269, 434, 204, 430, 444, 297, 237, 171, 213, 157, 110, 210, 156, 326, 121, 202, 304, 389, 463, 338, 279, 292, 327, 218, 88, 291, 271, 231, 294, 36, 328, 419, 13, 42, 186, 267, 50, 394, 139, 456, 196, 90, 427, 448, 69, 286, 381, 308, 387, 316, 289, 9, 195, 184]"
"63","109.67214131355286","76668.71875","79297.69881063433","[0, 74, 358, 285, 333, 249, 5, 137, 459, 262, 447, 281, 192, 223, 315, 411, 21, 284, 103, 118, 337, 234, 479, 193, 278, 99, 92, 245, 428, 130, 153, 95, 260, 322, 426, 388, 59, 420, 409, 405, 344, 183, 295, 367, 58, 431, 81, 104, 465, 124, 215, 342, 14, 54, 377, 71, 32, 393, 241, 467, 85, 115, 478, 484, 306, 443, 492, 470, 207, 385, 113, 410, 205, 485, 324, 265, 10, 131, 190, 481, 423, 27, 34, 391, 356, 20, 8, 259, 373, 347, 1, 44, 398, 450, 185, 406, 489, 250, 224, 248, 386, 175, 253, 396, 499, 203, 25, 416, 122, 274, 102, 239, 425, 252, 354, 359, 226, 155, 469, 283, 382, 216, 72, 370, 79, 23, 135, 497, 147, 417, 483, 273, 392, 244, 51, 3, 341, 143, 22, 82, 107, 280, 437, 127, 151, 442, 55, 364, 435, 395, 272, 228, 383, 496, 461, 268, 35, 480, 17, 78, 454, 97, 487, 145, 299, 37, 401, 238, 298, 70, 179, 261, 293, 407, 378, 200, 30, 165, 24, 464, 397, 301, 439, 339, 307, 91, 458, 490, 414, 80, 77, 452, 473, 41, 366, 462, 256, 162, 208, 287, 194, 474, 371, 477, 455, 62, 60, 332, 374, 144, 449, 225, 125, 498, 352, 340, 331, 353, 220, 181, 422, 412, 76, 242, 206, 201, 365, 166, 214, 177, 403, 39, 276, 180, 475, 277, 19, 488, 408, 355, 345, 163, 227, 424, 432, 494, 61, 89, 350, 436, 310, 150, 320, 188, 6, 106, 169, 198, 40, 29, 46, 446, 247, 357, 336, 57, 399, 421, 189, 148, 160, 433, 66, 158, 222, 468, 476, 229, 154, 167, 56, 482, 390, 191, 212, 149, 472, 343, 246, 126, 28, 4, 288, 369, 16, 258, 254, 182, 159, 134, 251, 255, 384, 335, 360, 120, 415, 235, 75, 64, 441, 136, 119, 33, 346, 161, 63, 84, 217, 211, 109, 305, 325, 7, 372, 368, 282, 187, 240, 438, 123, 296, 402, 164, 451, 140, 174, 275, 221, 404, 129, 199, 495, 429, 94, 83, 142, 314, 233, 243, 116, 466, 87, 264, 445, 112, 380, 330, 318, 400, 413, 172, 12, 375, 105, 361, 263, 197, 117, 290, 26, 47, 128, 43, 133, 334, 311, 440, 31, 232, 48, 141, 493, 362, 101, 486, 312, 460, 176, 49, 270, 15, 111, 491, 65, 86, 53, 302, 108, 319, 52, 93, 471, 209, 100, 266, 146, 363, 73, 300, 68, 219, 152, 351, 173, 18, 321, 323, 138, 236, 168, 170, 178, 303, 96, 2, 309, 45, 230, 453, 114, 379, 349, 98, 38, 132, 11, 329, 67, 376, 457, 317, 313, 348, 257, 418, 269, 434, 204, 430, 444, 297, 237, 171, 213, 157, 110, 210, 156, 326, 121, 202, 304, 389, 463, 338, 279, 292, 327, 218, 88, 291, 271, 231, 294, 36, 328, 419, 13, 42, 186, 267, 50, 394, 139, 456, 196, 90, 427, 448, 69, 286, 381, 308, 387, 316, 289, 9, 195, 184]"
"64","111.44185996055603","76654.171875","79195.16417910448","[0, 74, 358, 285, 333, 249, 5, 137, 459, 262, 447, 281, 192, 223, 315, 411, 21, 284, 103, 118, 337, 234, 479, 193, 278, 99, 92, 245, 428, 130, 153, 95, 260, 322, 426, 388, 59, 420, 409, 405, 344, 58, 295, 183, 367, 431, 81, 104, 465, 124, 215, 342, 14, 54, 377, 71, 32, 393, 241, 467, 85, 115, 478, 484, 306, 443, 492, 470, 207, 385, 113, 410, 205, 485, 324, 265, 10, 131, 190, 481, 423, 27, 34, 391, 356, 20, 8, 259, 373, 347, 1, 44, 398, 450, 185, 406, 489, 250, 224, 248, 386, 175, 253, 396, 499, 203, 25, 416, 122, 274, 102, 239, 425, 252, 354, 359, 226, 155, 469, 283, 382, 216, 72, 370, 79, 23, 497, 135, 147, 417, 483, 273, 392, 244, 51, 3, 341, 143, 22, 82, 107, 280, 437, 127, 151, 442, 55, 364, 435, 395, 272, 228, 383, 496, 461, 268, 35, 480, 17, 78, 454, 97, 487, 145, 299, 37, 401, 238, 298, 70, 179, 261, 293, 407, 378, 200, 30, 165, 24, 464, 397, 301, 439, 339, 307, 91, 458, 490, 414, 80, 77, 452, 473, 41, 366, 462, 256, 162, 208, 287, 194, 474, 371, 477, 455, 62, 60, 332, 374, 144, 449, 225, 125, 498, 352, 340, 331, 353, 220, 181, 422, 412, 76, 242, 206, 201, 365, 166, 214, 177, 403, 39, 276, 180, 475, 277, 19, 488, 408, 355, 345, 163, 227, 424, 432, 494, 61, 89, 350, 436, 310, 150, 320, 188, 6, 106, 169, 198, 40, 29, 46, 446, 247, 357, 336, 57, 399, 421, 189, 148, 160, 433, 66, 158, 222, 468, 476, 229, 154, 167, 56, 482, 390, 191, 212, 149, 472, 343, 246, 126, 28, 4, 288, 369, 16, 258, 254, 182, 159, 134, 251, 255, 384, 335, 360, 120, 415, 235, 75, 64, 441, 136, 119, 33, 346, 161, 63, 84, 217, 211, 109, 305, 325, 7, 372, 368, 282, 187, 240, 438, 123, 296, 402, 164, 451, 140, 174, 275, 221, 404, 129, 199, 495, 429, 94, 83, 142, 314, 233, 243, 116, 466, 87, 264, 445, 112, 380, 330, 318, 400, 413, 172, 12, 375, 105, 361, 263, 197, 117, 290, 26, 47, 128, 43, 133, 334, 311, 440, 31, 232, 48, 141, 493, 362, 101, 486, 312, 460, 176, 49, 270, 15, 111, 491, 65, 86, 53, 302, 108, 319, 52, 93, 471, 209, 100, 266, 146, 363, 73, 300, 68, 219, 152, 351, 173, 18, 321, 323, 138, 236, 168, 170, 178, 303, 96, 2, 309, 45, 230, 453, 114, 379, 349, 98, 38, 132, 11, 329, 67, 376, 457, 317, 313, 348, 257, 418, 269, 434, 204, 430, 444, 297, 237, 171, 213, 157, 110, 210, 156, 326, 121, 202, 304, 389, 463, 338, 279, 292, 327, 218, 88, 291, 271, 231, 294, 36, 328, 419, 13, 42, 186, 267, 50, 394, 139, 456, 196, 90, 427, 448, 69, 286, 381, 308, 387, 316, 289, 9, 195, 184]"
"65","113.20615029335022","76649.8515625","79021.15376243781","[0, 74, 358, 285, 333, 249, 5, 137, 459, 262, 447, 281, 192, 223, 315, 411, 21, 284, 103, 118, 337, 234, 479, 193, 278, 99, 92, 245, 428, 130, 153, 95, 260, 322, 426, 388, 59, 420, 409, 405, 344, 183, 295, 367, 58, 431, 81, 104, 465, 124, 215, 342, 14, 54, 377, 71, 32, 393, 241, 467, 85, 115, 478, 484, 306, 443, 492, 470, 207, 385, 113, 410, 205, 485, 324, 265, 10, 131, 190, 481, 423, 27, 34, 391, 356, 20, 8, 259, 373, 347, 1, 44, 398, 450, 185, 406, 489, 250, 224, 248, 386, 175, 253, 396, 499, 203, 25, 416, 122, 274, 102, 239, 425, 252, 354, 359, 226, 155, 469, 283, 382, 216, 72, 370, 79, 23, 135, 497, 147, 417, 483, 273, 392, 244, 51, 3, 341, 143, 22, 82, 107, 280, 437, 127, 151, 442, 55, 364, 435, 395, 272, 228, 383, 496, 461, 268, 35, 480, 17, 78, 454, 97, 487, 145, 299, 37, 401, 238, 298, 70, 179, 261, 293, 407, 378, 200, 30, 165, 24, 464, 397, 301, 439, 339, 307, 91, 458, 490, 414, 80, 77, 452, 473, 41, 366, 462, 256, 162, 208, 287, 194, 474, 371, 477, 455, 62, 60, 332, 374, 144, 449, 225, 125, 498, 352, 340, 331, 353, 220, 181, 422, 412, 76, 242, 206, 201, 365, 166, 214, 177, 403, 39, 276, 180, 475, 277, 19, 488, 408, 355, 345, 163, 227, 424, 432, 494, 61, 89, 350, 436, 310, 150, 320, 188, 6, 106, 169, 198, 40, 29, 46, 446, 247, 357, 336, 57, 399, 421, 189, 148, 160, 433, 66, 158, 222, 468, 476, 56, 482, 167, 229, 154, 390, 191, 212, 149, 472, 343, 246, 126, 28, 4, 288, 369, 16, 258, 254, 182, 159, 134, 251, 255, 384, 335, 360, 120, 415, 235, 75, 64, 441, 136, 119, 33, 346, 161, 63, 84, 217, 211, 109, 305, 325, 7, 372, 368, 282, 187, 240, 438, 123, 296, 402, 164, 451, 140, 174, 275, 221, 404, 129, 199, 495, 429, 94, 83, 142, 314, 233, 243, 116, 466, 87, 264, 445, 112, 380, 330, 318, 400, 413, 172, 12, 375, 105, 361, 263, 197, 117, 290, 26, 47, 128, 43, 133, 334, 311, 440, 31, 232, 48, 141, 493, 362, 101, 486, 312, 460, 176, 49, 270, 15, 111, 491, 65, 86, 53, 302, 108, 319, 52, 93, 471, 209, 100, 266, 146, 363, 73, 300, 68, 219, 152, 351, 173, 18, 321, 323, 138, 236, 168, 170, 178, 303, 96, 2, 309, 45, 230, 453, 114, 379, 349, 98, 38, 132, 11, 329, 67, 376, 457, 317, 313, 348, 257, 418, 269, 434, 204, 430, 444, 297, 237, 171, 213, 157, 110, 210, 156, 326, 121, 202, 304, 389, 463, 338, 279, 292, 327, 218, 88, 291, 271, 231, 294, 36, 328, 419, 13, 42, 186, 267, 50, 394, 139, 456, 196, 90, 427, 448, 69, 286, 381, 308, 387, 316, 289, 9, 195, 184]"
"66","114.96837449073792","76635.3046875","79632.10941386817","[0, 74, 358, 285, 333, 249, 5, 137, 459, 262, 447, 281, 192, 223, 315, 411, 21, 284, 103, 118, 337, 234, 479, 193, 278, 99, 92, 245, 428, 130, 153, 95, 260, 322, 426, 388, 59, 420, 409, 405, 344, 58, 295, 183, 367, 431, 81, 104, 465, 124, 215, 342, 14, 54, 377, 71, 32, 393, 241, 467, 85, 115, 478, 484, 306, 443, 492, 470, 207, 385, 113, 410, 205, 485, 324, 265, 10, 131, 190, 481, 423, 27, 34, 391, 356, 20, 8, 259, 373, 347, 1, 44, 398, 450, 185, 406, 489, 250, 224, 248, 386, 175, 253, 396, 499, 203, 25, 416, 122, 274, 102, 239, 425, 252, 354, 359, 226, 155, 469, 283, 382, 216, 72, 370, 79, 23, 497, 135, 147, 417, 483, 273, 392, 244, 51, 3, 341, 143, 22, 82, 107, 280, 437, 127, 151, 442, 55, 364, 435, 395, 272, 228, 383, 496, 461, 268, 35, 480, 17, 78, 454, 97, 487, 145, 299, 37, 401, 238, 298, 70, 179, 261, 293, 407, 378, 200, 30, 165, 24, 464, 397, 301, 439, 339, 307, 91, 458, 490, 414, 80, 77, 452, 473, 41, 366, 462, 256, 162, 208, 287, 194, 474, 371, 477, 455, 62, 60, 332, 374, 144, 449, 225, 125, 498, 352, 340, 331, 353, 220, 181, 422, 412, 76, 242, 206, 201, 365, 166, 214, 177, 403, 39, 276, 180, 475, 277, 19, 488, 408, 355, 345, 163, 227, 424, 432, 494, 61, 89, 350, 436, 310, 150, 320, 188, 6, 106, 169, 198, 40, 29, 46, 446, 247, 357, 336, 57, 399, 421, 189, 148, 160, 433, 66, 158, 222, 468, 476, 56, 482, 167, 229, 154, 390, 191, 212, 149, 472, 343, 246, 126, 28, 4, 288, 369, 16, 258, 254, 182, 159, 134, 251, 255, 384, 335, 360, 120, 415, 235, 75, 64, 441, 136, 119, 33, 346, 161, 63, 84, 217, 211, 109, 305, 325, 7, 372, 368, 282, 187, 240, 438, 123, 296, 402, 164, 451, 140, 174, 275, 221, 404, 129, 199, 495, 429, 94, 83, 142, 314, 233, 243, 116, 466, 87, 264, 445, 112, 380, 330, 318, 400, 413, 172, 12, 375, 105, 361, 263, 197, 117, 290, 26, 47, 128, 43, 133, 334, 311, 440, 31, 232, 48, 141, 493, 362, 101, 486, 312, 460, 176, 49, 270, 15, 111, 491, 65, 86, 53, 302, 108, 319, 52, 93, 471, 209, 100, 266, 146, 363, 73, 300, 68, 219, 152, 351, 173, 18, 321, 323, 138, 236, 168, 170, 178, 303, 96, 2, 309, 45, 230, 453, 114, 379, 349, 98, 38, 132, 11, 329, 67, 376, 457, 317, 313, 348, 257, 418, 269, 434, 204, 430, 444, 297, 237, 171, 213, 157, 110, 210, 156, 326, 121, 202, 304, 389, 463, 338, 279, 292, 327, 218, 88, 291, 271, 231, 294, 36, 328, 419, 13, 42, 186, 267, 50, 394, 139, 456, 196, 90, 427, 448, 69, 286, 381, 308, 387, 316, 289, 9, 195, 184]"
"67","116.73154854774475","76633.859375","79936.46641791044","[0, 74, 358, 285, 333, 249, 5, 137, 459, 262, 447, 281, 192, 223, 315, 411, 21, 284, 103, 118, 337, 234, 479, 193, 278, 99, 92, 245, 428, 130, 153, 95, 260, 322, 426, 388, 59, 420, 409, 405, 344, 58, 295, 183, 367, 431, 81, 104, 465, 124, 215, 342, 14, 54, 377, 71, 32, 393, 241, 467, 85, 115, 478, 484, 306, 443, 492, 470, 207, 385, 113, 410, 205, 485, 324, 265, 10, 131, 190, 481, 423, 27, 34, 391, 356, 20, 8, 259, 373, 347, 1, 44, 398, 450, 185, 406, 489, 250, 224, 248, 386, 175, 253, 396, 499, 203, 25, 416, 122, 274, 102, 239, 425, 252, 354, 359, 226, 155, 469, 382, 283, 216, 72, 370, 79, 23, 135, 497, 147, 417, 483, 273, 392, 244, 51, 3, 341, 143, 22, 82, 107, 280, 437, 127, 151, 442, 55, 364, 435, 395, 272, 228, 383, 496, 461, 268, 35, 480, 17, 78, 454, 97, 487, 145, 299, 37, 401, 238, 298, 70, 179, 261, 293, 407, 378, 200, 30, 165, 24, 464, 397, 301, 439, 339, 307, 91, 458, 490, 414, 80, 77, 452, 473, 41, 366, 462, 256, 162, 208, 287, 194, 474, 371, 477, 455, 62, 60, 332, 374, 144, 449, 225, 125, 498, 352, 340, 331, 353, 220, 181, 422, 412, 76, 242, 206, 201, 365, 166, 214, 177, 403, 39, 276, 180, 475, 277, 19, 488, 408, 355, 345, 163, 227, 424, 432, 494, 61, 89, 350, 436, 310, 150, 320, 188, 6, 106, 169, 198, 40, 29, 46, 446, 247, 357, 336, 57, 399, 421, 189, 148, 160, 433, 66, 158, 222, 468, 476, 56, 482, 167, 229, 154, 390, 191, 212, 149, 472, 343, 246, 126, 28, 4, 288, 369, 16, 258, 254, 182, 159, 134, 251, 255, 384, 335, 360, 120, 415, 235, 75, 64, 441, 136, 119, 33, 346, 161, 63, 84, 217, 211, 109, 305, 325, 7, 372, 368, 282, 187, 240, 438, 123, 296, 402, 164, 451, 140, 174, 275, 221, 404, 129, 199, 495, 429, 94, 83, 142, 314, 233, 243, 116, 466, 87, 264, 445, 112, 380, 330, 318, 400, 413, 172, 12, 375, 105, 361, 263, 197, 117, 290, 26, 47, 128, 43, 133, 334, 311, 440, 31, 232, 48, 141, 493, 362, 101, 486, 312, 460, 176, 49, 270, 15, 111, 491, 65, 86, 53, 302, 108, 319, 52, 93, 471, 209, 100, 266, 146, 363, 73, 300, 68, 219, 152, 351, 173, 18, 321, 323, 138, 236, 168, 170, 178, 303, 96, 2, 309, 45, 230, 453, 114, 379, 349, 98, 38, 132, 11, 329, 67, 376, 457, 317, 313, 348, 257, 418, 269, 434, 204, 430, 444, 297, 237, 171, 213, 157, 110, 210, 156, 326, 121, 202, 304, 389, 463, 338, 279, 292, 327, 218, 88, 291, 271, 231, 294, 36, 328, 419, 13, 42, 186, 267, 50, 394, 139, 456, 196, 90, 427, 448, 69, 286, 381, 308, 387, 316, 289, 9, 195, 184]"
"68","118.49580264091492","76628.5625","79977.93633395522","[0, 74, 358, 285, 333, 249, 5, 137, 459, 262, 447, 281, 192, 223, 315, 411, 21, 284, 103, 118, 337, 234, 479, 193, 278, 99, 92, 245, 428, 130, 153, 95, 260, 322, 426, 388, 59, 420, 409, 405, 344, 58, 295, 183, 367, 431, 81, 104, 465, 124, 215, 342, 14, 54, 377, 71, 32, 393, 241, 467, 85, 115, 478, 484, 306, 443, 492, 470, 207, 385, 113, 410, 205, 485, 324, 265, 10, 131, 190, 481, 423, 27, 34, 391, 356, 20, 8, 259, 373, 347, 1, 44, 398, 450, 185, 406, 489, 250, 224, 248, 386, 175, 253, 396, 499, 203, 25, 416, 122, 274, 102, 239, 425, 252, 354, 359, 226, 155, 469, 382, 283, 216, 72, 370, 79, 23, 497, 135, 147, 417, 483, 273, 392, 244, 51, 3, 341, 143, 22, 82, 107, 280, 437, 127, 151, 442, 55, 364, 435, 395, 272, 228, 383, 496, 461, 268, 35, 480, 17, 78, 454, 97, 487, 145, 299, 37, 401, 238, 298, 70, 179, 261, 293, 407, 378, 200, 30, 165, 24, 464, 397, 301, 439, 339, 307, 91, 458, 490, 414, 80, 77, 452, 473, 41, 366, 462, 256, 162, 208, 287, 194, 474, 371, 477, 455, 62, 60, 332, 374, 144, 449, 225, 125, 498, 352, 340, 331, 353, 220, 181, 422, 412, 76, 242, 206, 201, 365, 166, 214, 177, 403, 39, 276, 180, 475, 277, 19, 488, 408, 355, 345, 163, 227, 424, 432, 494, 61, 89, 350, 436, 310, 150, 320, 188, 6, 106, 169, 198, 40, 29, 46, 446, 247, 357, 336, 57, 399, 421, 189, 148, 160, 433, 66, 158, 222, 468, 476, 56, 482, 167, 229, 154, 390, 191, 212, 149, 472, 343, 246, 126, 28, 4, 288, 369, 16, 258, 254, 182, 159, 134, 251, 255, 384, 335, 360, 120, 415, 235, 75, 64, 441, 136, 119, 33, 346, 161, 63, 84, 217, 211, 109, 305, 325, 7, 372, 368, 282, 187, 240, 438, 123, 296, 402, 164, 451, 140, 174, 275, 221, 404, 129, 199, 495, 429, 94, 83, 142, 314, 233, 243, 116, 466, 87, 264, 445, 112, 380, 330, 318, 400, 413, 172, 12, 375, 105, 361, 263, 197, 117, 290, 26, 47, 128, 43, 133, 334, 311, 440, 31, 232, 48, 141, 493, 362, 101, 486, 312, 460, 176, 49, 270, 15, 111, 491, 65, 86, 53, 302, 108, 319, 52, 93, 471, 209, 100, 266, 146, 363, 73, 300, 68, 219, 152, 351, 173, 18, 321, 323, 138, 236, 168, 170, 178, 303, 96, 2, 309, 45, 230, 453, 114, 379, 349, 98, 38, 132, 11, 329, 67, 376, 457, 317, 313, 348, 257, 418, 269, 434, 204, 430, 444, 297, 237, 171, 213, 157, 110, 210, 156, 326, 121, 202, 304, 389, 463, 338, 279, 292, 327, 218, 88, 291, 271, 231, 294, 36, 328, 419, 13, 42, 186, 267, 50, 394, 139, 456, 196, 90, 427, 448, 69, 286, 381, 308, 387, 316, 289, 9, 195, 184]"
"69","120.2580201625824","76628.5625","79899.95891635572","[0, 74, 358, 285, 333, 249, 5, 137, 459, 262, 447, 281, 192, 223, 315, 411, 21, 284, 103, 118, 337, 234, 479, 193, 278, 99, 92, 245, 428, 130, 153, 95, 260, 322, 426, 388, 59, 420, 409, 405, 344, 58, 295, 183, 367, 431, 81, 104, 465, 124, 215, 342, 14, 54, 377, 71, 32, 393, 241, 467, 85, 115, 478, 484, 306, 443, 492, 470, 207, 385, 113, 410, 205, 485, 324, 265, 10, 131, 190, 481, 423, 27, 34, 391, 356, 20, 8, 259, 373, 347, 1, 44, 398, 450, 185, 406, 489, 250, 224, 248, 386, 175, 253, 396, 499, 203, 25, 416, 122, 274, 102, 239, 425, 252, 354, 359, 226, 155, 469, 382, 283, 216, 72, 370, 79, 23, 497, 135, 147, 417, 483, 273, 392, 244, 51, 3, 341, 143, 22, 82, 107, 280, 437, 127, 151, 442, 55, 364, 435, 395, 272, 228, 383, 496, 461, 268, 35, 480, 17, 78, 454, 97, 487, 145, 299, 37, 401, 238, 298, 70, 179, 261, 293, 407, 378, 200, 30, 165, 24, 464, 397, 301, 439, 339, 307, 91, 458, 490, 414, 80, 77, 452, 473, 41, 366, 462, 256, 162, 208, 287, 194, 474, 371, 477, 455, 62, 60, 332, 374, 144, 449, 225, 125, 498, 352, 340, 331, 353, 220, 181, 422, 412, 76, 242, 206, 201, 365, 166, 214, 177, 403, 39, 276, 180, 475, 277, 19, 488, 408, 355, 345, 163, 227, 424, 432, 494, 61, 89, 350, 436, 310, 150, 320, 188, 6, 106, 169, 198, 40, 29, 46, 446, 247, 357, 336, 57, 399, 421, 189, 148, 160, 433, 66, 158, 222, 468, 476, 56, 482, 167, 229, 154, 390, 191, 212, 149, 472, 343, 246, 126, 28, 4, 288, 369, 16, 258, 254, 182, 159, 134, 251, 255, 384, 335, 360, 120, 415, 235, 75, 64, 441, 136, 119, 33, 346, 161, 63, 84, 217, 211, 109, 305, 325, 7, 372, 368, 282, 187, 240, 438, 123, 296, 402, 164, 451, 140, 174, 275, 221, 404, 129, 199, 495, 429, 94, 83, 142, 314, 233, 243, 116, 466, 87, 264, 445, 112, 380, 330, 318, 400, 413, 172, 12, 375, 105, 361, 263, 197, 117, 290, 26, 47, 128, 43, 133, 334, 311, 440, 31, 232, 48, 141, 493, 362, 101, 486, 312, 460, 176, 49, 270, 15, 111, 491, 65, 86, 53, 302, 108, 319, 52, 93, 471, 209, 100, 266, 146, 363, 73, 300, 68, 219, 152, 351, 173, 18, 321, 323, 138, 236, 168, 170, 178, 303, 96, 2, 309, 45, 230, 453, 114, 379, 349, 98, 38, 132, 11, 329, 67, 376, 457, 317, 313, 348, 257, 418, 269, 434, 204, 430, 444, 297, 237, 171, 213, 157, 110, 210, 156, 326, 121, 202, 304, 389, 463, 338, 279, 292, 327, 218, 88, 291, 271, 231, 294, 36, 328, 419, 13, 42, 186, 267, 50, 394, 139, 456, 196, 90, 427, 448, 69, 286, 381, 308, 387, 316, 289, 9, 195, 184]"
"70","122.02368807792664","76622.890625","79825.02359297263","[0, 74, 358, 285, 333, 249, 5, 137, 459, 262, 447, 281, 192, 223, 315, 411, 21, 284, 103, 118, 337, 234, 479, 193, 278, 99, 92, 245, 428, 130, 153, 95, 260, 322, 426, 388, 59, 420, 409, 405, 344, 58, 295, 183, 367, 431, 81, 104, 465, 124, 215, 342, 14, 54, 377, 71, 32, 393, 241, 467, 85, 115, 478, 484, 306, 443, 492, 470, 207, 385, 113, 410, 205, 485, 324, 265, 10, 131, 190, 481, 423, 27, 34, 391, 356, 20, 8, 259, 373, 347, 1, 44, 398, 450, 185, 406, 489, 250, 224, 248, 386, 175, 253, 396, 499, 203, 25, 416, 122, 274, 102, 239, 425, 252, 354, 359, 226, 155, 469, 382, 216, 283, 72, 370, 79, 23, 497, 135, 147, 417, 483, 273, 392, 244, 51, 3, 341, 143, 22, 82, 107, 280, 437, 127, 151, 442, 55, 364, 435, 395, 272, 228, 383, 496, 461, 268, 35, 480, 17, 78, 454, 97, 487, 145, 299, 37, 401, 238, 298, 70, 179, 261, 293, 407, 378, 200, 30, 165, 24, 464, 397, 301, 439, 339, 307, 91, 458, 490, 414, 80, 77, 452, 473, 41, 366, 462, 256, 162, 208, 287, 194, 474, 371, 477, 455, 62, 60, 332, 374, 144, 449, 225, 125, 498, 352, 340, 331, 353, 220, 181, 422, 412, 76, 242, 206, 201, 365, 166, 214, 177, 403, 39, 276, 180, 475, 277, 19, 488, 408, 355, 345, 163, 227, 424, 432, 494, 61, 89, 350, 436, 310, 150, 320, 188, 6, 106, 169, 198, 40, 29, 46, 446, 247, 357, 336, 57, 399, 421, 189, 148, 160, 433, 66, 158, 222, 468, 476, 56, 482, 167, 229, 154, 390, 191, 212, 149, 472, 343, 246, 126, 28, 4, 288, 369, 16, 258, 254, 182, 159, 134, 251, 255, 384, 335, 360, 120, 415, 235, 75, 64, 441, 136, 119, 33, 346, 161, 63, 84, 217, 211, 109, 305, 325, 7, 372, 368, 282, 187, 240, 438, 123, 296, 402, 164, 451, 140, 174, 275, 221, 404, 129, 199, 495, 429, 94, 83, 142, 314, 233, 243, 116, 466, 87, 264, 445, 112, 380, 330, 318, 400, 413, 172, 12, 375, 105, 361, 263, 197, 117, 290, 26, 47, 128, 43, 133, 334, 311, 440, 31, 232, 48, 141, 493, 362, 101, 486, 312, 460, 176, 49, 270, 15, 111, 491, 65, 86, 53, 302, 108, 319, 52, 93, 471, 209, 100, 266, 146, 363, 73, 300, 68, 219, 152, 351, 173, 18, 321, 323, 138, 236, 168, 170, 178, 303, 96, 2, 309, 45, 230, 453, 114, 379, 349, 98, 38, 132, 11, 329, 67, 376, 457, 317, 313, 348, 257, 418, 269, 434, 204, 430, 444, 297, 237, 171, 213, 157, 110, 210, 156, 326, 121, 202, 304, 389, 463, 338, 279, 292, 327, 218, 88, 291, 271, 231, 294, 36, 328, 419, 13, 42, 186, 267, 50, 394, 139, 456, 196, 90, 427, 448, 69, 286, 381, 308, 387, 316, 289, 9, 195, 184]"
"71","123.78895115852356","76622.890625","80038.21657338309","[0, 74, 358, 285, 333, 249, 5, 137, 459, 262, 447, 281, 192, 223, 315, 411, 21, 284, 103, 118, 337, 234, 479, 193, 278, 99, 92, 245, 428, 130, 153, 95, 260, 322, 426, 388, 59, 420, 409, 405, 344, 58, 295, 183, 367, 431, 81, 104, 465, 124, 215, 342, 14, 54, 377, 71, 32, 393, 241, 467, 85, 115, 478, 484, 306, 443, 492, 470, 207, 385, 113, 410, 205, 485, 324, 265, 10, 131, 190, 481, 423, 27, 34, 391, 356, 20, 8, 259, 373, 347, 1, 44, 398, 450, 185, 406, 489, 250, 224, 248, 386, 175, 253, 396, 499, 203, 25, 416, 122, 274, 102, 239, 425, 252, 354, 359, 226, 155, 469, 382, 216, 283, 72, 370, 79, 23, 497, 135, 147, 417, 483, 273, 392, 244, 51, 3, 341, 143, 22, 82, 107, 280, 437, 127, 151, 442, 55, 364, 435, 395, 272, 228, 383, 496, 461, 268, 35, 480, 17, 78, 454, 97, 487, 145, 299, 37, 401, 238, 298, 70, 179, 261, 293, 407, 378, 200, 30, 165, 24, 464, 397, 301, 439, 339, 307, 91, 458, 490, 414, 80, 77, 452, 473, 41, 366, 462, 256, 162, 208, 287, 194, 474, 371, 477, 455, 62, 60, 332, 374, 144, 449, 225, 125, 498, 352, 340, 331, 353, 220, 181, 422, 412, 76, 242, 206, 201, 365, 166, 214, 177, 403, 39, 276, 180, 475, 277, 19, 488, 408, 355, 345, 163, 227, 424, 432, 494, 61, 89, 350, 436, 310, 150, 320, 188, 6, 106, 169, 198, 40, 29, 46, 446, 247, 357, 336, 57, 399, 421, 189, 148, 160, 433, 66, 158, 222, 468, 476, 56, 482, 167, 229, 154, 390, 191, 212, 149, 472, 343, 246, 126, 28, 4, 288, 369, 16, 258, 254, 182, 159, 134, 251, 255, 384, 335, 360, 120, 415, 235, 75, 64, 441, 136, 119, 33, 346, 161, 63, 84, 217, 211, 109, 305, 325, 7, 372, 368, 282, 187, 240, 438, 123, 296, 402, 164, 451, 140, 174, 275, 221, 404, 129, 199, 495, 429, 94, 83, 142, 314, 233, 243, 116, 466, 87, 264, 445, 112, 380, 330, 318, 400, 413, 172, 12, 375, 105, 361, 263, 197, 117, 290, 26, 47, 128, 43, 133, 334, 311, 440, 31, 232, 48, 141, 493, 362, 101, 486, 312, 460, 176, 49, 270, 15, 111, 491, 65, 86, 53, 302, 108, 319, 52, 93, 471, 209, 100, 266, 146, 363, 73, 300, 68, 219, 152, 351, 173, 18, 321, 323, 138, 236, 168, 170, 178, 303, 96, 2, 309, 45, 230, 453, 114, 379, 349, 98, 38, 132, 11, 329, 67, 376, 457, 317, 313, 348, 257, 418, 269, 434, 204, 430, 444, 297, 237, 171, 213, 157, 110, 210, 156, 326, 121, 202, 304, 389, 463, 338, 279, 292, 327, 218, 88, 291, 271, 231, 294, 36, 328, 419, 13, 42, 186, 267, 50, 394, 139, 456, 196, 90, 427, 448, 69, 286, 381, 308, 387, 316, 289, 9, 195, 184]"
"72","125.55182766914368","76622.890625","79751.39812655473","[0, 74, 358, 285, 333, 249, 5, 137, 459, 262, 447, 281, 192, 223, 315, 411, 21, 284, 103, 118, 337, 234, 479, 193, 278, 99, 92, 245, 428, 130, 153, 95, 260, 322, 426, 388, 59, 420, 409, 405, 344, 58, 295, 183, 367, 431, 81, 104, 465, 124, 215, 342, 14, 54, 377, 71, 32, 393, 241, 467, 85, 115, 478, 484, 306, 443, 492, 470, 207, 385, 113, 410, 205, 485, 324, 265, 10, 131, 190, 481, 423, 27, 34, 391, 356, 20, 8, 259, 373, 347, 1, 44, 398, 450, 185, 406, 489, 250, 224, 248, 386, 175, 253, 396, 499, 203, 25, 416, 122, 274, 102, 239, 425, 252, 354, 359, 226, 155, 469, 382, 216, 283, 72, 370, 79, 23, 497, 135, 147, 417, 483, 273, 392, 244, 51, 3, 341, 143, 22, 82, 107, 280, 437, 127, 151, 442, 55, 364, 435, 395, 272, 228, 383, 496, 461, 268, 35, 480, 17, 78, 454, 97, 487, 145, 299, 37, 401, 238, 298, 70, 179, 261, 293, 407, 378, 200, 30, 165, 24, 464, 397, 301, 439, 339, 307, 91, 458, 490, 414, 80, 77, 452, 473, 41, 366, 462, 256, 162, 208, 287, 194, 474, 371, 477, 455, 62, 60, 332, 374, 144, 449, 225, 125, 498, 352, 340, 331, 353, 220, 181, 422, 412, 76, 242, 206, 201, 365, 166, 214, 177, 403, 39, 276, 180, 475, 277, 19, 488, 408, 355, 345, 163, 227, 424, 432, 494, 61, 89, 350, 436, 310, 150, 320, 188, 6, 106, 169, 198, 40, 29, 46, 446, 247, 357, 336, 57, 399, 421, 189, 148, 160, 433, 66, 158, 222, 468, 476, 56, 482, 167, 229, 154, 390, 191, 212, 149, 472, 343, 246, 126, 28, 4, 288, 369, 16, 258, 254, 182, 159, 134, 251, 255, 384, 335, 360, 120, 415, 235, 75, 64, 441, 136, 119, 33, 346, 161, 63, 84, 217, 211, 109, 305, 325, 7, 372, 368, 282, 187, 240, 438, 123, 296, 402, 164, 451, 140, 174, 275, 221, 404, 129, 199, 495, 429, 94, 83, 142, 314, 233, 243, 116, 466, 87, 264, 445, 112, 380, 330, 318, 400, 413, 172, 12, 375, 105, 361, 263, 197, 117, 290, 26, 47, 128, 43, 133, 334, 311, 440, 31, 232, 48, 141, 493, 362, 101, 486, 312, 460, 176, 49, 270, 15, 111, 491, 65, 86, 53, 302, 108, 319, 52, 93, 471, 209, 100, 266, 146, 363, 73, 300, 68, 219, 152, 351, 173, 18, 321, 323, 138, 236, 168, 170, 178, 303, 96, 2, 309, 45, 230, 453, 114, 379, 349, 98, 38, 132, 11, 329, 67, 376, 457, 317, 313, 348, 257, 418, 269, 434, 204, 430, 444, 297, 237, 171, 213, 157, 110, 210, 156, 326, 121, 202, 304, 389, 463, 338, 279, 292, 327, 218, 88, 291, 271, 231, 294, 36, 328, 419, 13, 42, 186, 267, 50, 394, 139, 456, 196, 90, 427, 448, 69, 286, 381, 308, 387, 316, 289, 9, 195, 184]"
"73","127.31397342681885","76536.1015625","79503.1927472015","[0, 74, 358, 285, 333, 249, 5, 137, 459, 262, 447, 281, 192, 223, 315, 411, 21, 284, 103, 118, 337, 234, 479, 193, 278, 99, 92, 245, 428, 130, 153, 95, 260, 322, 426, 388, 59, 420, 409, 405, 344, 58, 295, 183, 367, 431, 81, 104, 465, 124, 215, 342, 14, 54, 377, 71, 32, 393, 241, 467, 85, 115, 478, 484, 306, 443, 492, 470, 207, 385, 113, 410, 205, 485, 324, 265, 10, 131, 190, 481, 423, 27, 34, 391, 356, 20, 8, 259, 373, 347, 1, 44, 398, 450, 185, 406, 489, 250, 224, 248, 386, 175, 253, 396, 499, 203, 25, 416, 122, 274, 102, 239, 425, 252, 354, 359, 226, 155, 469, 382, 283, 216, 72, 370, 79, 23, 497, 135, 147, 417, 483, 273, 392, 244, 51, 3, 341, 143, 22, 82, 107, 280, 437, 127, 151, 442, 55, 364, 435, 395, 272, 228, 383, 496, 461, 268, 35, 480, 17, 78, 454, 97, 487, 145, 299, 37, 401, 238, 298, 70, 179, 261, 293, 407, 378, 200, 30, 165, 24, 464, 397, 301, 439, 339, 307, 91, 458, 490, 414, 80, 77, 452, 473, 41, 366, 462, 256, 162, 208, 287, 194, 474, 371, 477, 455, 62, 60, 332, 374, 144, 449, 225, 125, 498, 352, 340, 331, 353, 220, 181, 422, 412, 76, 242, 206, 201, 365, 166, 214, 177, 403, 39, 276, 180, 475, 277, 19, 488, 408, 355, 345, 163, 227, 424, 432, 494, 61, 89, 350, 436, 310, 150, 320, 188, 6, 106, 169, 198, 40, 29, 46, 446, 247, 357, 336, 57, 399, 421, 189, 148, 160, 433, 66, 158, 222, 468, 476, 56, 482, 167, 229, 154, 390, 191, 212, 149, 472, 343, 246, 126, 28, 4, 288, 369, 16, 258, 254, 182, 159, 134, 251, 255, 384, 335, 360, 120, 415, 235, 75, 64, 441, 136, 119, 33, 346, 161, 63, 84, 217, 211, 109, 305, 325, 7, 372, 368, 282, 187, 240, 438, 123, 296, 402, 164, 451, 140, 174, 275, 221, 404, 129, 199, 495, 429, 94, 83, 142, 314, 233, 243, 116, 466, 87, 264, 445, 112, 380, 330, 318, 400, 413, 172, 12, 375, 105, 361, 263, 197, 117, 290, 26, 47, 128, 43, 133, 334, 362, 311, 440, 31, 232, 48, 141, 493, 101, 486, 312, 460, 176, 49, 270, 15, 111, 491, 65, 86, 53, 302, 108, 319, 52, 93, 471, 209, 100, 266, 146, 363, 73, 300, 68, 219, 152, 351, 173, 18, 321, 323, 138, 236, 168, 170, 178, 303, 96, 2, 309, 45, 230, 453, 114, 379, 349, 98, 38, 132, 11, 329, 67, 376, 457, 317, 313, 348, 257, 418, 269, 434, 204, 430, 444, 297, 237, 171, 213, 157, 110, 210, 156, 326, 121, 202, 304, 389, 463, 338, 279, 292, 327, 218, 88, 291, 271, 231, 294, 36, 328, 419, 13, 42, 186, 267, 50, 394, 139, 456, 196, 90, 427, 448, 69, 286, 381, 308, 387, 316, 289, 9, 195, 184]"
"74","129.07613062858582","76530.4296875","79528.86979166667","[0, 74, 358, 285, 333, 249, 5, 137, 459, 262, 447, 281, 192, 223, 315, 411, 21, 284, 103, 118, 337, 234, 479, 193, 278, 99, 92, 245, 428, 130, 153, 95, 260, 322, 426, 388, 59, 420, 409, 405, 344, 58, 295, 183, 367, 431, 81, 104, 465, 124, 215, 342, 14, 54, 377, 71, 32, 393, 241, 467, 85, 115, 478, 484, 306, 443, 492, 470, 207, 385, 113, 410, 205, 485, 324, 265, 10, 131, 190, 481, 423, 27, 34, 391, 356, 20, 8, 259, 373, 347, 1, 44, 398, 450, 185, 406, 489, 250, 224, 248, 386, 175, 253, 396, 499, 203, 25, 416, 122, 274, 102, 239, 425, 252, 354, 359, 226, 155, 469, 382, 216, 283, 72, 370, 79, 23, 497, 135, 147, 417, 483, 273, 392, 244, 51, 3, 341, 143, 22, 82, 107, 280, 437, 127, 151, 442, 55, 364, 435, 395, 272, 228, 383, 496, 461, 268, 35, 480, 17, 78, 454, 97, 487, 145, 299, 37, 401, 238, 298, 70, 179, 261, 293, 407, 378, 200, 30, 165, 24, 464, 397, 301, 439, 339, 307, 91, 458, 490, 414, 80, 77, 452, 473, 41, 366, 462, 256, 162, 208, 287, 194, 474, 371, 477, 455, 62, 60, 332, 374, 144, 449, 225, 125, 498, 352, 340, 331, 353, 220, 181, 422, 412, 76, 242, 206, 201, 365, 166, 214, 177, 403, 39, 276, 180, 475, 277, 19, 488, 408, 355, 345, 163, 227, 424, 432, 494, 61, 89, 350, 436, 310, 150, 320, 188, 6, 106, 169, 198, 40, 29, 46, 446, 247, 357, 336, 57, 399, 421, 189, 148, 160, 433, 66, 158, 222, 468, 476, 56, 482, 167, 229, 154, 390, 191, 212, 149, 472, 343, 246, 126, 28, 4, 288, 369, 16, 258, 254, 182, 159, 134, 251, 255, 384, 335, 360, 120, 415, 235, 75, 64, 441, 136, 119, 33, 346, 161, 63, 84, 217, 211, 109, 305, 325, 7, 372, 368, 282, 187, 240, 438, 123, 296, 402, 164, 451, 140, 174, 275, 221, 404, 129, 199, 495, 429, 94, 83, 142, 314, 233, 243, 116, 466, 87, 264, 445, 112, 380, 330, 318, 400, 413, 172, 12, 375, 105, 361, 263, 197, 117, 290, 26, 47, 128, 43, 133, 334, 362, 311, 440, 31, 232, 48, 141, 493, 101, 486, 312, 460, 176, 49, 270, 15, 111, 491, 65, 86, 53, 302, 108, 319, 52, 93, 471, 209, 100, 266, 146, 363, 73, 300, 68, 219, 152, 351, 173, 18, 321, 323, 138, 236, 168, 170, 178, 303, 96, 2, 309, 45, 230, 453, 114, 379, 349, 98, 38, 132, 11, 329, 67, 376, 457, 317, 313, 348, 257, 418, 269, 434, 204, 430, 444, 297, 237, 171, 213, 157, 110, 210, 156, 326, 121, 202, 304, 389, 463, 338, 279, 292, 327, 218, 88, 291, 271, 231, 294, 36, 328, 419, 13, 42, 186, 267, 50, 394, 139, 456, 196, 90, 427, 448, 69, 286, 381, 308, 387, 316, 289, 9, 195, 184]"
"75","130.84160828590393","76529.953125","79457.44811100746","[0, 74, 358, 285, 333, 249, 5, 137, 459, 262, 447, 281, 192, 223, 315, 411, 21, 284, 103, 118, 337, 234, 479, 193, 278, 99, 92, 245, 428, 130, 153, 95, 260, 322, 426, 388, 59, 420, 409, 405, 344, 58, 295, 183, 367, 431, 81, 104, 465, 124, 215, 342, 14, 54, 377, 71, 32, 393, 241, 467, 85, 115, 478, 484, 306, 443, 492, 470, 207, 385, 113, 410, 205, 485, 324, 265, 10, 131, 190, 481, 423, 27, 34, 391, 356, 20, 8, 259, 373, 347, 1, 44, 398, 450, 185, 406, 489, 250, 224, 248, 386, 175, 253, 396, 499, 203, 25, 416, 122, 274, 102, 239, 425, 252, 354, 359, 226, 155, 469, 382, 283, 216, 72, 370, 79, 23, 497, 135, 147, 417, 483, 273, 392, 244, 51, 3, 341, 143, 22, 82, 107, 280, 437, 127, 151, 442, 55, 364, 435, 395, 272, 228, 383, 496, 461, 268, 35, 480, 17, 78, 454, 97, 487, 145, 299, 37, 401, 238, 298, 70, 179, 261, 293, 407, 378, 200, 30, 165, 24, 464, 397, 301, 439, 339, 307, 91, 458, 490, 414, 80, 77, 452, 473, 41, 366, 462, 256, 162, 208, 287, 194, 474, 371, 477, 455, 62, 60, 332, 374, 144, 449, 225, 125, 498, 352, 340, 331, 353, 220, 181, 422, 412, 76, 242, 206, 201, 365, 166, 214, 177, 403, 39, 276, 180, 475, 277, 19, 488, 408, 355, 345, 163, 227, 424, 432, 494, 61, 89, 350, 436, 310, 150, 320, 188, 6, 106, 169, 198, 40, 29, 46, 446, 247, 357, 336, 57, 399, 421, 189, 148, 160, 433, 66, 158, 222, 468, 476, 56, 482, 167, 229, 154, 390, 191, 212, 149, 472, 343, 246, 126, 28, 4, 288, 369, 16, 258, 254, 182, 159, 134, 251, 255, 384, 335, 360, 120, 415, 235, 75, 64, 441, 136, 119, 33, 346, 161, 63, 84, 217, 211, 109, 305, 325, 7, 372, 368, 282, 187, 240, 438, 123, 296, 402, 164, 451, 140, 174, 275, 221, 404, 129, 199, 495, 429, 94, 83, 142, 314, 233, 243, 116, 466, 87, 264, 445, 112, 380, 330, 318, 400, 413, 172, 12, 375, 105, 361, 263, 197, 117, 290, 26, 47, 128, 43, 133, 362, 334, 48, 311, 440, 31, 232, 141, 493, 101, 486, 312, 460, 176, 49, 270, 15, 111, 491, 65, 86, 53, 302, 108, 319, 52, 93, 471, 209, 100, 266, 146, 363, 73, 300, 68, 219, 152, 351, 173, 18, 321, 323, 138, 236, 168, 170, 178, 303, 96, 2, 309, 45, 230, 453, 114, 379, 349, 98, 38, 132, 11, 329, 67, 376, 457, 317, 313, 348, 257, 418, 269, 434, 204, 430, 444, 297, 237, 171, 213, 157, 110, 210, 156, 326, 121, 202, 304, 389, 463, 338, 279, 292, 327, 218, 88, 291, 271, 231, 294, 36, 328, 419, 13, 42, 186, 267, 50, 394, 139, 456, 196, 90, 427, 448, 69, 286, 381, 308, 387, 316, 289, 9, 195, 184]"
"76","132.60648465156555","76508.671875","79511.41483986318","[0, 74, 358, 285, 333, 249, 5, 137, 459, 262, 447, 281, 192, 223, 315, 411, 21, 284, 103, 118, 337, 234, 479, 193, 278, 99, 92, 245, 428, 130, 153, 95, 260, 322, 426, 388, 59, 420, 409, 405, 344, 58, 295, 183, 367, 431, 81, 104, 465, 124, 215, 342, 14, 54, 377, 71, 32, 393, 241, 467, 85, 115, 478, 484, 306, 443, 492, 470, 207, 385, 113, 410, 205, 485, 324, 265, 10, 131, 190, 481, 423, 27, 34, 391, 356, 20, 8, 259, 373, 347, 1, 44, 398, 450, 185, 406, 489, 250, 224, 248, 386, 175, 253, 396, 499, 203, 25, 416, 122, 274, 102, 239, 425, 252, 354, 359, 226, 155, 469, 382, 283, 216, 72, 370, 79, 23, 497, 135, 147, 417, 483, 273, 392, 244, 51, 3, 341, 143, 22, 82, 107, 280, 437, 127, 151, 442, 55, 364, 435, 395, 272, 228, 383, 496, 461, 268, 35, 480, 17, 78, 454, 97, 487, 145, 299, 37, 401, 238, 298, 70, 179, 261, 293, 407, 378, 200, 30, 165, 24, 464, 397, 301, 439, 339, 307, 91, 458, 490, 414, 80, 77, 452, 473, 41, 366, 462, 256, 162, 208, 287, 194, 474, 371, 477, 455, 62, 60, 332, 374, 144, 449, 225, 125, 498, 352, 340, 331, 353, 220, 181, 422, 412, 76, 242, 206, 201, 365, 166, 214, 177, 403, 39, 276, 180, 475, 277, 19, 488, 408, 355, 345, 163, 227, 424, 432, 494, 61, 89, 350, 436, 310, 150, 320, 188, 6, 106, 169, 198, 40, 29, 46, 446, 247, 357, 336, 57, 399, 421, 189, 148, 160, 433, 66, 158, 222, 468, 476, 56, 482, 167, 229, 154, 390, 191, 212, 149, 472, 343, 246, 126, 28, 4, 288, 369, 16, 258, 254, 182, 159, 134, 251, 255, 384, 335, 360, 120, 415, 235, 75, 64, 441, 136, 119, 33, 346, 161, 63, 84, 217, 211, 109, 305, 325, 7, 372, 368, 282, 187, 240, 438, 123, 296, 402, 164, 451, 140, 174, 275, 221, 404, 129, 199, 495, 429, 94, 83, 142, 314, 233, 243, 116, 466, 87, 264, 445, 112, 380, 330, 318, 400, 413, 172, 12, 375, 105, 361, 263, 197, 117, 290, 26, 47, 128, 43, 133, 362, 334, 311, 440, 31, 232, 48, 141, 493, 101, 486, 312, 460, 176, 49, 270, 15, 111, 491, 65, 86, 53, 302, 108, 319, 52, 93, 471, 209, 100, 266, 146, 363, 73, 300, 68, 219, 152, 351, 173, 18, 321, 323, 138, 236, 168, 170, 178, 303, 96, 2, 309, 45, 230, 453, 114, 379, 349, 98, 38, 132, 11, 329, 67, 376, 457, 317, 313, 348, 257, 418, 269, 434, 204, 430, 444, 297, 237, 171, 213, 157, 110, 210, 156, 326, 121, 202, 304, 389, 463, 338, 279, 292, 327, 218, 88, 291, 271, 231, 294, 36, 328, 419, 13, 42, 186, 267, 50, 394, 139, 456, 196, 90, 427, 448, 69, 286, 381, 308, 387, 316, 289, 9, 195, 184]"
"77","134.36871123313904","76503.0078125","79502.91293532339","[0, 74, 358, 285, 333, 249, 5, 137, 459, 262, 447, 281, 192, 223, 315, 411, 21, 284, 103, 118, 337, 234, 479, 193, 278, 99, 92, 245, 428, 130, 153, 95, 260, 322, 426, 388, 59, 420, 409, 405, 344, 58, 295, 183, 367, 431, 81, 104, 465, 124, 215, 342, 14, 54, 377, 71, 32, 393, 241, 467, 85, 115, 478, 484, 306, 443, 492, 470, 207, 385, 113, 410, 205, 485, 324, 265, 10, 131, 190, 481, 423, 27, 34, 391, 356, 20, 8, 259, 373, 347, 1, 44, 398, 450, 185, 406, 489, 250, 224, 248, 386, 175, 253, 396, 499, 203, 25, 416, 122, 274, 102, 239, 425, 252, 354, 359, 226, 155, 469, 382, 216, 283, 72, 370, 79, 23, 497, 135, 147, 417, 483, 273, 392, 244, 51, 3, 341, 143, 22, 82, 107, 280, 437, 127, 151, 442, 55, 364, 435, 395, 272, 228, 383, 496, 461, 268, 35, 480, 17, 78, 454, 97, 487, 145, 299, 37, 401, 238, 298, 70, 179, 261, 293, 407, 378, 200, 30, 165, 24, 464, 397, 301, 439, 339, 307, 91, 458, 490, 414, 80, 77, 452, 473, 41, 366, 462, 256, 162, 208, 287, 194, 474, 371, 477, 455, 62, 60, 332, 374, 144, 449, 225, 125, 498, 352, 340, 331, 353, 220, 181, 422, 412, 76, 242, 206, 201, 365, 166, 214, 177, 403, 39, 276, 180, 475, 277, 19, 488, 408, 355, 345, 163, 227, 424, 432, 494, 61, 89, 350, 436, 310, 150, 320, 188, 6, 106, 169, 198, 40, 29, 46, 446, 247, 357, 336, 57, 399, 421, 189, 148, 160, 433, 66, 158, 222, 468, 476, 56, 482, 167, 229, 154, 390, 191, 212, 149, 472, 343, 246, 126, 28, 4, 288, 369, 16, 258, 254, 182, 159, 134, 251, 255, 384, 335, 360, 120, 415, 235, 75, 64, 441, 136, 119, 33, 346, 161, 63, 84, 217, 211, 109, 305, 325, 7, 372, 368, 282, 187, 240, 438, 123, 296, 402, 164, 451, 140, 174, 275, 221, 404, 129, 199, 495, 429, 94, 83, 142, 314, 233, 243, 116, 466, 87, 264, 445, 112, 380, 330, 318, 400, 413, 172, 12, 375, 105, 361, 263, 197, 117, 290, 26, 47, 128, 43, 133, 362, 334, 311, 440, 31, 232, 48, 141, 493, 101, 486, 312, 460, 176, 49, 270, 15, 111, 491, 65, 86, 53, 302, 108, 319, 52, 93, 471, 209, 100, 266, 146, 363, 73, 300, 68, 219, 152, 351, 173, 18, 321, 323, 138, 236, 168, 170, 178, 303, 96, 2, 309, 45, 230, 453, 114, 379, 349, 98, 38, 132, 11, 329, 67, 376, 457, 317, 313, 348, 257, 418, 269, 434, 204, 430, 444, 297, 237, 171, 213, 157, 110, 210, 156, 326, 121, 202, 304, 389, 463, 338, 279, 292, 327, 218, 88, 291, 271, 231, 294, 36, 328, 419, 13, 42, 186, 267, 50, 394, 139, 456, 196, 90, 427, 448, 69, 286, 381, 308, 387, 316, 289, 9, 195, 184]"
"78","136.1296055316925","76502.546875","79779.49549129354","[0, 74, 358, 285, 333, 249, 5, 137, 459, 262, 447, 281, 192, 223, 315, 411, 21, 284, 103, 118, 337, 234, 479, 193, 278, 99, 92, 245, 428, 130, 153, 95, 260, 322, 426, 388, 59, 420, 409, 405, 344, 58, 295, 183, 367, 431, 81, 104, 465, 124, 215, 342, 14, 54, 377, 71, 32, 393, 241, 467, 85, 115, 478, 484, 306, 443, 492, 470, 207, 385, 113, 410, 205, 485, 324, 265, 10, 131, 190, 481, 423, 27, 34, 391, 20, 356, 8, 259, 373, 347, 1, 44, 398, 450, 185, 406, 489, 250, 224, 248, 386, 175, 253, 396, 499, 203, 25, 416, 122, 274, 102, 239, 425, 252, 354, 359, 226, 155, 469, 382, 283, 216, 72, 370, 79, 23, 497, 135, 147, 417, 483, 273, 392, 244, 51, 3, 341, 143, 22, 82, 107, 280, 437, 127, 151, 442, 55, 364, 435, 395, 272, 228, 383, 496, 461, 268, 35, 480, 17, 78, 454, 97, 487, 145, 299, 37, 401, 238, 298, 70, 179, 261, 293, 407, 378, 200, 30, 165, 24, 464, 397, 301, 439, 339, 307, 91, 458, 490, 414, 80, 77, 452, 473, 41, 366, 462, 256, 162, 208, 287, 194, 474, 371, 477, 455, 62, 60, 332, 374, 144, 449, 225, 125, 498, 352, 340, 331, 353, 220, 181, 422, 412, 76, 242, 206, 201, 365, 166, 214, 177, 403, 39, 276, 180, 475, 277, 19, 488, 408, 355, 345, 163, 227, 424, 432, 494, 61, 89, 350, 436, 310, 150, 320, 188, 6, 106, 169, 198, 40, 29, 46, 446, 247, 357, 336, 57, 399, 421, 189, 148, 160, 433, 66, 158, 222, 468, 476, 56, 482, 167, 229, 154, 390, 191, 212, 149, 472, 343, 246, 126, 28, 4, 288, 369, 16, 258, 254, 182, 159, 134, 251, 255, 384, 335, 360, 120, 415, 235, 75, 64, 441, 136, 119, 33, 346, 161, 63, 84, 217, 211, 109, 305, 325, 7, 372, 368, 282, 187, 240, 438, 123, 296, 402, 164, 451, 140, 174, 275, 221, 404, 129, 199, 495, 429, 94, 83, 142, 314, 233, 243, 116, 466, 87, 264, 445, 112, 380, 330, 318, 400, 413, 172, 12, 375, 105, 361, 263, 197, 117, 290, 26, 47, 128, 43, 133, 362, 334, 311, 440, 31, 232, 48, 141, 493, 101, 486, 312, 460, 176, 49, 270, 15, 111, 491, 65, 86, 53, 302, 108, 319, 52, 93, 471, 209, 100, 266, 146, 363, 73, 300, 68, 219, 152, 351, 173, 18, 321, 323, 138, 236, 168, 170, 178, 303, 96, 2, 309, 45, 230, 453, 114, 379, 349, 98, 38, 132, 11, 329, 67, 376, 457, 317, 313, 348, 257, 418, 269, 434, 204, 430, 444, 297, 237, 171, 213, 157, 110, 210, 156, 326, 121, 202, 304, 389, 463, 338, 279, 292, 327, 218, 88, 291, 271, 231, 294, 36, 328, 419, 13, 42, 186, 267, 50, 394, 139, 456, 196, 90, 427, 448, 69, 286, 381, 308, 387, 316, 289, 9, 195, 184]"
"79","137.88782286643982","76496.875","79662.15982587065","[0, 74, 358, 285, 333, 249, 5, 137, 459, 262, 447, 281, 192, 223, 315, 411, 21, 284, 103, 118, 337, 234, 479, 193, 278, 99, 92, 245, 428, 130, 153, 95, 260, 322, 426, 388, 59, 420, 409, 405, 344, 58, 295, 183, 367, 431, 81, 104, 465, 124, 215, 342, 14, 54, 377, 71, 32, 393, 241, 467, 85, 115, 478, 484, 306, 443, 492, 470, 207, 385, 113, 410, 205, 485, 324, 265, 10, 131, 190, 481, 423, 27, 34, 391, 20, 356, 8, 259, 373, 347, 1, 44, 398, 450, 185, 406, 489, 250, 224, 248, 386, 175, 253, 396, 499, 203, 25, 416, 122, 274, 102, 239, 425, 252, 354, 359, 226, 155, 469, 382, 216, 283, 72, 370, 79, 23, 497, 135, 147, 417, 483, 273, 392, 244, 51, 3, 341, 143, 22, 82, 107, 280, 437, 127, 151, 442, 55, 364, 435, 395, 272, 228, 383, 496, 461, 268, 35, 480, 17, 78, 454, 97, 487, 145, 299, 37, 401, 238, 298, 70, 179, 261, 293, 407, 378, 200, 30, 165, 24, 464, 397, 301, 439, 339, 307, 91, 458, 490, 414, 80, 77, 452, 473, 41, 366, 462, 256, 162, 208, 287, 194, 474, 371, 477, 455, 62, 60, 332, 374, 144, 449, 225, 125, 498, 352, 340, 331, 353, 220, 181, 422, 412, 76, 242, 206, 201, 365, 166, 214, 177, 403, 39, 276, 180, 475, 277, 19, 488, 408, 355, 345, 163, 227, 424, 432, 494, 61, 89, 350, 436, 310, 150, 320, 188, 6, 106, 169, 198, 40, 29, 46, 446, 247, 357, 336, 57, 399, 421, 189, 148, 160, 433, 66, 158, 222, 468, 476, 56, 482, 167, 229, 154, 390, 191, 212, 149, 472, 343, 246, 126, 28, 4, 288, 369, 16, 258, 254, 182, 159, 134, 251, 255, 384, 335, 360, 120, 415, 235, 75, 64, 441, 136, 119, 33, 346, 161, 63, 84, 217, 211, 109, 305, 325, 7, 372, 368, 282, 187, 240, 438, 123, 296, 402, 164, 451, 140, 174, 275, 221, 404, 129, 199, 495, 429, 94, 83, 142, 314, 233, 243, 116, 466, 87, 264, 445, 112, 380, 330, 318, 400, 413, 172, 12, 375, 105, 361, 263, 197, 117, 290, 26, 47, 128, 43, 133, 362, 334, 311, 440, 31, 232, 48, 141, 493, 101, 486, 312, 460, 176, 49, 270, 15, 111, 491, 65, 86, 53, 302, 108, 319, 52, 93, 471, 209, 100, 266, 146, 363, 73, 300, 68, 219, 152, 351, 173, 18, 321, 323, 138, 236, 168, 170, 178, 303, 96, 2, 309, 45, 230, 453, 114, 379, 349, 98, 38, 132, 11, 329, 67, 376, 457, 317, 313, 348, 257, 418, 269, 434, 204, 430, 444, 297, 237, 171, 213, 157, 110, 210, 156, 326, 121, 202, 304, 389, 463, 338, 279, 292, 327, 218, 88, 291, 271, 231, 294, 36, 328, 419, 13, 42, 186, 267, 50, 394, 139, 456, 196, 90, 427, 448, 69, 286, 381, 308, 387, 316, 289, 9, 195, 184]"
"80","139.6460030078888","76496.875","79522.020017102","[0, 74, 358, 285, 333, 249, 5, 137, 459, 262, 447, 281, 192, 223, 315, 411, 21, 284, 103, 118, 337, 234, 479, 193, 278, 99, 92, 245, 428, 130, 153, 95, 260, 322, 426, 388, 59, 420, 409, 405, 344, 58, 295, 183, 367, 431, 81, 104, 465, 124, 215, 342, 14, 54, 377, 71, 32, 393, 241, 467, 85, 115, 478, 484, 306, 443, 492, 470, 207, 385, 113, 410, 205, 485, 324, 265, 10, 131, 190, 481, 423, 27, 34, 391, 20, 356, 8, 259, 373, 347, 1, 44, 398, 450, 185, 406, 489, 250, 224, 248, 386, 175, 253, 396, 499, 203, 25, 416, 122, 274, 102, 239, 425, 252, 354, 359, 226, 155, 469, 382, 216, 283, 72, 370, 79, 23, 497, 135, 147, 417, 483, 273, 392, 244, 51, 3, 341, 143, 22, 82, 107, 280, 437, 127, 151, 442, 55, 364, 435, 395, 272, 228, 383, 496, 461, 268, 35, 480, 17, 78, 454, 97, 487, 145, 299, 37, 401, 238, 298, 70, 179, 261, 293, 407, 378, 200, 30, 165, 24, 464, 397, 301, 439, 339, 307, 91, 458, 490, 414, 80, 77, 452, 473, 41, 366, 462, 256, 162, 208, 287, 194, 474, 371, 477, 455, 62, 60, 332, 374, 144, 449, 225, 125, 498, 352, 340, 331, 353, 220, 181, 422, 412, 76, 242, 206, 201, 365, 166, 214, 177, 403, 39, 276, 180, 475, 277, 19, 488, 408, 355, 345, 163, 227, 424, 432, 494, 61, 89, 350, 436, 310, 150, 320, 188, 6, 106, 169, 198, 40, 29, 46, 446, 247, 357, 336, 57, 399, 421, 189, 148, 160, 433, 66, 158, 222, 468, 476, 56, 482, 167, 229, 154, 390, 191, 212, 149, 472, 343, 246, 126, 28, 4, 288, 369, 16, 258, 254, 182, 159, 134, 251, 255, 384, 335, 360, 120, 415, 235, 75, 64, 441, 136, 119, 33, 346, 161, 63, 84, 217, 211, 109, 305, 325, 7, 372, 368, 282, 187, 240, 438, 123, 296, 402, 164, 451, 140, 174, 275, 221, 404, 129, 199, 495, 429, 94, 83, 142, 314, 233, 243, 116, 466, 87, 264, 445, 112, 380, 330, 318, 400, 413, 172, 12, 375, 105, 361, 263, 197, 117, 290, 26, 47, 128, 43, 133, 362, 334, 311, 440, 31, 232, 48, 141, 493, 101, 486, 312, 460, 176, 49, 270, 15, 111, 491, 65, 86, 53, 302, 108, 319, 52, 93, 471, 209, 100, 266, 146, 363, 73, 300, 68, 219, 152, 351, 173, 18, 321, 323, 138, 236, 168, 170, 178, 303, 96, 2, 309, 45, 230, 453, 114, 379, 349, 98, 38, 132, 11, 329, 67, 376, 457, 317, 313, 348, 257, 418, 269, 434, 204, 430, 444, 297, 237, 171, 213, 157, 110, 210, 156, 326, 121, 202, 304, 389, 463, 338, 279, 292, 327, 218, 88, 291, 271, 231, 294, 36, 328, 419, 13, 42, 186, 267, 50, 394, 139, 456, 196, 90, 427, 448, 69, 286, 381, 308, 387, 316, 289, 9, 195, 184]"
"81","141.40707635879517","76496.875","79608.42047574627","[0, 74, 358, 285, 333, 249, 5, 137, 459, 262, 447, 281, 192, 223, 315, 411, 21, 284, 103, 118, 337, 234, 479, 193, 278, 99, 92, 245, 428, 130, 153, 95, 260, 322, 426, 388, 59, 420, 409, 405, 344, 58, 295, 183, 367, 431, 81, 104, 465, 124, 215, 342, 14, 54, 377, 71, 32, 393, 241, 467, 85, 115, 478, 484, 306, 443, 492, 470, 207, 385, 113, 410, 205, 485, 324, 265, 10, 131, 190, 481, 423, 27, 34, 391, 20, 356, 8, 259, 373, 347, 1, 44, 398, 450, 185, 406, 489, 250, 224, 248, 386, 175, 253, 396, 499, 203, 25, 416, 122, 274, 102, 239, 425, 252, 354, 359, 226, 155, 469, 382, 216, 283, 72, 370, 79, 23, 497, 135, 147, 417, 483, 273, 392, 244, 51, 3, 341, 143, 22, 82, 107, 280, 437, 127, 151, 442, 55, 364, 435, 395, 272, 228, 383, 496, 461, 268, 35, 480, 17, 78, 454, 97, 487, 145, 299, 37, 401, 238, 298, 70, 179, 261, 293, 407, 378, 200, 30, 165, 24, 464, 397, 301, 439, 339, 307, 91, 458, 490, 414, 80, 77, 452, 473, 41, 366, 462, 256, 162, 208, 287, 194, 474, 371, 477, 455, 62, 60, 332, 374, 144, 449, 225, 125, 498, 352, 340, 331, 353, 220, 181, 422, 412, 76, 242, 206, 201, 365, 166, 214, 177, 403, 39, 276, 180, 475, 277, 19, 488, 408, 355, 345, 163, 227, 424, 432, 494, 61, 89, 350, 436, 310, 150, 320, 188, 6, 106, 169, 198, 40, 29, 46, 446, 247, 357, 336, 57, 399, 421, 189, 148, 160, 433, 66, 158, 222, 468, 476, 56, 482, 167, 229, 154, 390, 191, 212, 149, 472, 343, 246, 126, 28, 4, 288, 369, 16, 258, 254, 182, 159, 134, 251, 255, 384, 335, 360, 120, 415, 235, 75, 64, 441, 136, 119, 33, 346, 161, 63, 84, 217, 211, 109, 305, 325, 7, 372, 368, 282, 187, 240, 438, 123, 296, 402, 164, 451, 140, 174, 275, 221, 404, 129, 199, 495, 429, 94, 83, 142, 314, 233, 243, 116, 466, 87, 264, 445, 112, 380, 330, 318, 400, 413, 172, 12, 375, 105, 361, 263, 197, 117, 290, 26, 47, 128, 43, 133, 362, 334, 311, 440, 31, 232, 48, 141, 493, 101, 486, 312, 460, 176, 49, 270, 15, 111, 491, 65, 86, 53, 302, 108, 319, 52, 93, 471, 209, 100, 266, 146, 363, 73, 300, 68, 219, 152, 351, 173, 18, 321, 323, 138, 236, 168, 170, 178, 303, 96, 2, 309, 45, 230, 453, 114, 379, 349, 98, 38, 132, 11, 329, 67, 376, 457, 317, 313, 348, 257, 418, 269, 434, 204, 430, 444, 297, 237, 171, 213, 157, 110, 210, 156, 326, 121, 202, 304, 389, 463, 338, 279, 292, 327, 218, 88, 291, 271, 231, 294, 36, 328, 419, 13, 42, 186, 267, 50, 394, 139, 456, 196, 90, 427, 448, 69, 286, 381, 308, 387, 316, 289, 9, 195, 184]"
"82","143.17116260528564","76496.875","80181.92751088309","[0, 74, 358, 285, 333, 249, 5, 137, 459, 262, 447, 281, 192, 223, 315, 411, 21, 284, 103, 118, 337, 234, 479, 193, 278, 99, 92, 245, 428, 130, 153, 95, 260, 322, 426, 388, 59, 420, 409, 405, 344, 58, 295, 183, 367, 431, 81, 104, 465, 124, 215, 342, 14, 54, 377, 71, 32, 393, 241, 467, 85, 115, 478, 484, 306, 443, 492, 470, 207, 385, 113, 410, 205, 485, 324, 265, 10, 131, 190, 481, 423, 27, 34, 391, 20, 356, 8, 259, 373, 347, 1, 44, 398, 450, 185, 406, 489, 250, 224, 248, 386, 175, 253, 396, 499, 203, 25, 416, 122, 274, 102, 239, 425, 252, 354, 359, 226, 155, 469, 382, 216, 283, 72, 370, 79, 23, 497, 135, 147, 417, 483, 273, 392, 244, 51, 3, 341, 143, 22, 82, 107, 280, 437, 127, 151, 442, 55, 364, 435, 395, 272, 228, 383, 496, 461, 268, 35, 480, 17, 78, 454, 97, 487, 145, 299, 37, 401, 238, 298, 70, 179, 261, 293, 407, 378, 200, 30, 165, 24, 464, 397, 301, 439, 339, 307, 91, 458, 490, 414, 80, 77, 452, 473, 41, 366, 462, 256, 162, 208, 287, 194, 474, 371, 477, 455, 62, 60, 332, 374, 144, 449, 225, 125, 498, 352, 340, 331, 353, 220, 181, 422, 412, 76, 242, 206, 201, 365, 166, 214, 177, 403, 39, 276, 180, 475, 277, 19, 488, 408, 355, 345, 163, 227, 424, 432, 494, 61, 89, 350, 436, 310, 150, 320, 188, 6, 106, 169, 198, 40, 29, 46, 446, 247, 357, 336, 57, 399, 421, 189, 148, 160, 433, 66, 158, 222, 468, 476, 56, 482, 167, 229, 154, 390, 191, 212, 149, 472, 343, 246, 126, 28, 4, 288, 369, 16, 258, 254, 182, 159, 134, 251, 255, 384, 335, 360, 120, 415, 235, 75, 64, 441, 136, 119, 33, 346, 161, 63, 84, 217, 211, 109, 305, 325, 7, 372, 368, 282, 187, 240, 438, 123, 296, 402, 164, 451, 140, 174, 275, 221, 404, 129, 199, 495, 429, 94, 83, 142, 314, 233, 243, 116, 466, 87, 264, 445, 112, 380, 330, 318, 400, 413, 172, 12, 375, 105, 361, 263, 197, 117, 290, 26, 47, 128, 43, 133, 362, 334, 311, 440, 31, 232, 48, 141, 493, 101, 486, 312, 460, 176, 49, 270, 15, 111, 491, 65, 86, 53, 302, 108, 319, 52, 93, 471, 209, 100, 266, 146, 363, 73, 300, 68, 219, 152, 351, 173, 18, 321, 323, 138, 236, 168, 170, 178, 303, 96, 2, 309, 45, 230, 453, 114, 379, 349, 98, 38, 132, 11, 329, 67, 376, 457, 317, 313, 348, 257, 418, 269, 434, 204, 430, 444, 297, 237, 171, 213, 157, 110, 210, 156, 326, 121, 202, 304, 389, 463, 338, 279, 292, 327, 218, 88, 291, 271, 231, 294, 36, 328, 419, 13, 42, 186, 267, 50, 394, 139, 456, 196, 90, 427, 448, 69, 286, 381, 308, 387, 316, 289, 9, 195, 184]"
"83","144.94170451164246","76496.875","80219.97745646766","[0, 74, 358, 285, 333, 249, 5, 137, 459, 262, 447, 281, 192, 223, 315, 411, 21, 284, 103, 118, 337, 234, 479, 193, 278, 99, 92, 245, 428, 130, 153, 95, 260, 322, 426, 388, 59, 420, 409, 405, 344, 58, 295, 183, 367, 431, 81, 104, 465, 124, 215, 342, 14, 54, 377, 71, 32, 393, 241, 467, 85, 115, 478, 484, 306, 443, 492, 470, 207, 385, 113, 410, 205, 485, 324, 265, 10, 131, 190, 481, 423, 27, 34, 391, 20, 356, 8, 259, 373, 347, 1, 44, 398, 450, 185, 406, 489, 250, 224, 248, 386, 175, 253, 396, 499, 203, 25, 416, 122, 274, 102, 239, 425, 252, 354, 359, 226, 155, 469, 382, 216, 283, 72, 370, 79, 23, 497, 135, 147, 417, 483, 273, 392, 244, 51, 3, 341, 143, 22, 82, 107, 280, 437, 127, 151, 442, 55, 364, 435, 395, 272, 228, 383, 496, 461, 268, 35, 480, 17, 78, 454, 97, 487, 145, 299, 37, 401, 238, 298, 70, 179, 261, 293, 407, 378, 200, 30, 165, 24, 464, 397, 301, 439, 339, 307, 91, 458, 490, 414, 80, 77, 452, 473, 41, 366, 462, 256, 162, 208, 287, 194, 474, 371, 477, 455, 62, 60, 332, 374, 144, 449, 225, 125, 498, 352, 340, 331, 353, 220, 181, 422, 412, 76, 242, 206, 201, 365, 166, 214, 177, 403, 39, 276, 180, 475, 277, 19, 488, 408, 355, 345, 163, 227, 424, 432, 494, 61, 89, 350, 436, 310, 150, 320, 188, 6, 106, 169, 198, 40, 29, 46, 446, 247, 357, 336, 57, 399, 421, 189, 148, 160, 433, 66, 158, 222, 468, 476, 56, 482, 167, 229, 154, 390, 191, 212, 149, 472, 343, 246, 126, 28, 4, 288, 369, 16, 258, 254, 182, 159, 134, 251, 255, 384, 335, 360, 120, 415, 235, 75, 64, 441, 136, 119, 33, 346, 161, 63, 84, 217, 211, 109, 305, 325, 7, 372, 368, 282, 187, 240, 438, 123, 296, 402, 164, 451, 140, 174, 275, 221, 404, 129, 199, 495, 429, 94, 83, 142, 314, 233, 243, 116, 466, 87, 264, 445, 112, 380, 330, 318, 400, 413, 172, 12, 375, 105, 361, 263, 197, 117, 290, 26, 47, 128, 43, 133, 362, 334, 311, 440, 31, 232, 48, 141, 493, 101, 486, 312, 460, 176, 49, 270, 15, 111, 491, 65, 86, 53, 302, 108, 319, 52, 93, 471, 209, 100, 266, 146, 363, 73, 300, 68, 219, 152, 351, 173, 18, 321, 323, 138, 236, 168, 170, 178, 303, 96, 2, 309, 45, 230, 453, 114, 379, 349, 98, 38, 132, 11, 329, 67, 376, 457, 317, 313, 348, 257, 418, 269, 434, 204, 430, 444, 297, 237, 171, 213, 157, 110, 210, 156, 326, 121, 202, 304, 389, 463, 338, 279, 292, 327, 218, 88, 291, 271, 231, 294, 36, 328, 419, 13, 42, 186, 267, 50, 394, 139, 456, 196, 90, 427, 448, 69, 286, 381, 308, 387, 316, 289, 9, 195, 184]"
"84","146.70729184150696","76496.875","79991.16553949004","[0, 74, 358, 285, 333, 249, 5, 137, 459, 262, 447, 281, 192, 223, 315, 411, 21, 284, 103, 118, 337, 234, 479, 193, 278, 99, 92, 245, 428, 130, 153, 95, 260, 322, 426, 388, 59, 420, 409, 405, 344, 58, 295, 183, 367, 431, 81, 104, 465, 124, 215, 342, 14, 54, 377, 71, 32, 393, 241, 467, 85, 115, 478, 484, 306, 443, 492, 470, 207, 385, 113, 410, 205, 485, 324, 265, 10, 131, 190, 481, 423, 27, 34, 391, 20, 356, 8, 259, 373, 347, 1, 44, 398, 450, 185, 406, 489, 250, 224, 248, 386, 175, 253, 396, 499, 203, 25, 416, 122, 274, 102, 239, 425, 252, 354, 359, 226, 155, 469, 382, 216, 283, 72, 370, 79, 23, 497, 135, 147, 417, 483, 273, 392, 244, 51, 3, 341, 143, 22, 82, 107, 280, 437, 127, 151, 442, 55, 364, 435, 395, 272, 228, 383, 496, 461, 268, 35, 480, 17, 78, 454, 97, 487, 145, 299, 37, 401, 238, 298, 70, 179, 261, 293, 407, 378, 200, 30, 165, 24, 464, 397, 301, 439, 339, 307, 91, 458, 490, 414, 80, 77, 452, 473, 41, 366, 462, 256, 162, 208, 287, 194, 474, 371, 477, 455, 62, 60, 332, 374, 144, 449, 225, 125, 498, 352, 340, 331, 353, 220, 181, 422, 412, 76, 242, 206, 201, 365, 166, 214, 177, 403, 39, 276, 180, 475, 277, 19, 488, 408, 355, 345, 163, 227, 424, 432, 494, 61, 89, 350, 436, 310, 150, 320, 188, 6, 106, 169, 198, 40, 29, 46, 446, 247, 357, 336, 57, 399, 421, 189, 148, 160, 433, 66, 158, 222, 468, 476, 56, 482, 167, 229, 154, 390, 191, 212, 149, 472, 343, 246, 126, 28, 4, 288, 369, 16, 258, 254, 182, 159, 134, 251, 255, 384, 335, 360, 120, 415, 235, 75, 64, 441, 136, 119, 33, 346, 161, 63, 84, 217, 211, 109, 305, 325, 7, 372, 368, 282, 187, 240, 438, 123, 296, 402, 164, 451, 140, 174, 275, 221, 404, 129, 199, 495, 429, 94, 83, 142, 314, 233, 243, 116, 466, 87, 264, 445, 112, 380, 330, 318, 400, 413, 172, 12, 375, 105, 361, 263, 197, 117, 290, 26, 47, 128, 43, 133, 362, 334, 311, 440, 31, 232, 48, 141, 493, 101, 486, 312, 460, 176, 49, 270, 15, 111, 491, 65, 86, 53, 302, 108, 319, 52, 93, 471, 209, 100, 266, 146, 363, 73, 300, 68, 219, 152, 351, 173, 18, 321, 323, 138, 236, 168, 170, 178, 303, 96, 2, 309, 45, 230, 453, 114, 379, 349, 98, 38, 132, 11, 329, 67, 376, 457, 317, 313, 348, 257, 418, 269, 434, 204, 430, 444, 297, 237, 171, 213, 157, 110, 210, 156, 326, 121, 202, 304, 389, 463, 338, 279, 292, 327, 218, 88, 291, 271, 231, 294, 36, 328, 419, 13, 42, 186, 267, 50, 394, 139, 456, 196, 90, 427, 448, 69, 286, 381, 308, 387, 316, 289, 9, 195, 184]"
"85","148.4668939113617","76496.875","79878.72081001244","[0, 74, 358, 285, 333, 249, 5, 137, 459, 262, 447, 281, 192, 223, 315, 411, 21, 284, 103, 118, 337, 234, 479, 193, 278, 99, 92, 245, 428, 130, 153, 95, 260, 322, 426, 388, 59, 420, 409, 405, 344, 58, 295, 183, 367, 431, 81, 104, 465, 124, 215, 342, 14, 54, 377, 71, 32, 393, 241, 467, 85, 115, 478, 484, 306, 443, 492, 470, 207, 385, 113, 410, 205, 485, 324, 265, 10, 131, 190, 481, 423, 27, 34, 391, 20, 356, 8, 259, 373, 347, 1, 44, 398, 450, 185, 406, 489, 250, 224, 248, 386, 175, 253, 396, 499, 203, 25, 416, 122, 274, 102, 239, 425, 252, 354, 359, 226, 155, 469, 382, 216, 283, 72, 370, 79, 23, 497, 135, 147, 417, 483, 273, 392, 244, 51, 3, 341, 143, 22, 82, 107, 280, 437, 127, 151, 442, 55, 364, 435, 395, 272, 228, 383, 496, 461, 268, 35, 480, 17, 78, 454, 97, 487, 145, 299, 37, 401, 238, 298, 70, 179, 261, 293, 407, 378, 200, 30, 165, 24, 464, 397, 301, 439, 339, 307, 91, 458, 490, 414, 80, 77, 452, 473, 41, 366, 462, 256, 162, 208, 287, 194, 474, 371, 477, 455, 62, 60, 332, 374, 144, 449, 225, 125, 498, 352, 340, 331, 353, 220, 181, 422, 412, 76, 242, 206, 201, 365, 166, 214, 177, 403, 39, 276, 180, 475, 277, 19, 488, 408, 355, 345, 163, 227, 424, 432, 494, 61, 89, 350, 436, 310, 150, 320, 188, 6, 106, 169, 198, 40, 29, 46, 446, 247, 357, 336, 57, 399, 421, 189, 148, 160, 433, 66, 158, 222, 468, 476, 56, 482, 167, 229, 154, 390, 191, 212, 149, 472, 343, 246, 126, 28, 4, 288, 369, 16, 258, 254, 182, 159, 134, 251, 255, 384, 335, 360, 120, 415, 235, 75, 64, 441, 136, 119, 33, 346, 161, 63, 84, 217, 211, 109, 305, 325, 7, 372, 368, 282, 187, 240, 438, 123, 296, 402, 164, 451, 140, 174, 275, 221, 404, 129, 199, 495, 429, 94, 83, 142, 314, 233, 243, 116, 466, 87, 264, 445, 112, 380, 330, 318, 400, 413, 172, 12, 375, 105, 361, 263, 197, 117, 290, 26, 47, 128, 43, 133, 362, 334, 311, 440, 31, 232, 48, 141, 493, 101, 486, 312, 460, 176, 49, 270, 15, 111, 491, 65, 86, 53, 302, 108, 319, 52, 93, 471, 209, 100, 266, 146, 363, 73, 300, 68, 219, 152, 351, 173, 18, 321, 323, 138, 236, 168, 170, 178, 303, 96, 2, 309, 45, 230, 453, 114, 379, 349, 98, 38, 132, 11, 329, 67, 376, 457, 317, 313, 348, 257, 418, 269, 434, 204, 430, 444, 297, 237, 171, 213, 157, 110, 210, 156, 326, 121, 202, 304, 389, 463, 338, 279, 292, 327, 218, 88, 291, 271, 231, 294, 36, 328, 419, 13, 42, 186, 267, 50, 394, 139, 456, 196, 90, 427, 448, 69, 286, 381, 308, 387, 316, 289, 9, 195, 184]"
"86","150.231454372406","76496.875","79720.92945429105","[0, 74, 358, 285, 333, 249, 5, 137, 459, 262, 447, 281, 192, 223, 315, 411, 21, 284, 103, 118, 337, 234, 479, 193, 278, 99, 92, 245, 428, 130, 153, 95, 260, 322, 426, 388, 59, 420, 409, 405, 344, 58, 295, 183, 367, 431, 81, 104, 465, 124, 215, 342, 14, 54, 377, 71, 32, 393, 241, 467, 85, 115, 478, 484, 306, 443, 492, 470, 207, 385, 113, 410, 205, 485, 324, 265, 10, 131, 190, 481, 423, 27, 34, 391, 20, 356, 8, 259, 373, 347, 1, 44, 398, 450, 185, 406, 489, 250, 224, 248, 386, 175, 253, 396, 499, 203, 25, 416, 122, 274, 102, 239, 425, 252, 354, 359, 226, 155, 469, 382, 216, 283, 72, 370, 79, 23, 497, 135, 147, 417, 483, 273, 392, 244, 51, 3, 341, 143, 22, 82, 107, 280, 437, 127, 151, 442, 55, 364, 435, 395, 272, 228, 383, 496, 461, 268, 35, 480, 17, 78, 454, 97, 487, 145, 299, 37, 401, 238, 298, 70, 179, 261, 293, 407, 378, 200, 30, 165, 24, 464, 397, 301, 439, 339, 307, 91, 458, 490, 414, 80, 77, 452, 473, 41, 366, 462, 256, 162, 208, 287, 194, 474, 371, 477, 455, 62, 60, 332, 374, 144, 449, 225, 125, 498, 352, 340, 331, 353, 220, 181, 422, 412, 76, 242, 206, 201, 365, 166, 214, 177, 403, 39, 276, 180, 475, 277, 19, 488, 408, 355, 345, 163, 227, 424, 432, 494, 61, 89, 350, 436, 310, 150, 320, 188, 6, 106, 169, 198, 40, 29, 46, 446, 247, 357, 336, 57, 399, 421, 189, 148, 160, 433, 66, 158, 222, 468, 476, 56, 482, 167, 229, 154, 390, 191, 212, 149, 472, 343, 246, 126, 28, 4, 288, 369, 16, 258, 254, 182, 159, 134, 251, 255, 384, 335, 360, 120, 415, 235, 75, 64, 441, 136, 119, 33, 346, 161, 63, 84, 217, 211, 109, 305, 325, 7, 372, 368, 282, 187, 240, 438, 123, 296, 402, 164, 451, 140, 174, 275, 221, 404, 129, 199, 495, 429, 94, 83, 142, 314, 233, 243, 116, 466, 87, 264, 445, 112, 380, 330, 318, 400, 413, 172, 12, 375, 105, 361, 263, 197, 117, 290, 26, 47, 128, 43, 133, 362, 334, 311, 440, 31, 232, 48, 141, 493, 101, 486, 312, 460, 176, 49, 270, 15, 111, 491, 65, 86, 53, 302, 108, 319, 52, 93, 471, 209, 100, 266, 146, 363, 73, 300, 68, 219, 152, 351, 173, 18, 321, 323, 138, 236, 168, 170, 178, 303, 96, 2, 309, 45, 230, 453, 114, 379, 349, 98, 38, 132, 11, 329, 67, 376, 457, 317, 313, 348, 257, 418, 269, 434, 204, 430, 444, 297, 237, 171, 213, 157, 110, 210, 156, 326, 121, 202, 304, 389, 463, 338, 279, 292, 327, 218, 88, 291, 271, 231, 294, 36, 328, 419, 13, 42, 186, 267, 50, 394, 139, 456, 196, 90, 427, 448, 69, 286, 381, 308, 387, 316, 289, 9, 195, 184]"
"87","152.0018196105957","76496.875","79798.54446517413","[0, 74, 358, 285, 333, 249, 5, 137, 459, 262, 447, 281, 192, 223, 315, 411, 21, 284, 103, 118, 337, 234, 479, 193, 278, 99, 92, 245, 428, 130, 153, 95, 260, 322, 426, 388, 59, 420, 409, 405, 344, 58, 295, 183, 367, 431, 81, 104, 465, 124, 215, 342, 14, 54, 377, 71, 32, 393, 241, 467, 85, 115, 478, 484, 306, 443, 492, 470, 207, 385, 113, 410, 205, 485, 324, 265, 10, 131, 190, 481, 423, 27, 34, 391, 20, 356, 8, 259, 373, 347, 1, 44, 398, 450, 185, 406, 489, 250, 224, 248, 386, 175, 253, 396, 499, 203, 25, 416, 122, 274, 102, 239, 425, 252, 354, 359, 226, 155, 469, 382, 216, 283, 72, 370, 79, 23, 497, 135, 147, 417, 483, 273, 392, 244, 51, 3, 341, 143, 22, 82, 107, 280, 437, 127, 151, 442, 55, 364, 435, 395, 272, 228, 383, 496, 461, 268, 35, 480, 17, 78, 454, 97, 487, 145, 299, 37, 401, 238, 298, 70, 179, 261, 293, 407, 378, 200, 30, 165, 24, 464, 397, 301, 439, 339, 307, 91, 458, 490, 414, 80, 77, 452, 473, 41, 366, 462, 256, 162, 208, 287, 194, 474, 371, 477, 455, 62, 60, 332, 374, 144, 449, 225, 125, 498, 352, 340, 331, 353, 220, 181, 422, 412, 76, 242, 206, 201, 365, 166, 214, 177, 403, 39, 276, 180, 475, 277, 19, 488, 408, 355, 345, 163, 227, 424, 432, 494, 61, 89, 350, 436, 310, 150, 320, 188, 6, 106, 169, 198, 40, 29, 46, 446, 247, 357, 336, 57, 399, 421, 189, 148, 160, 433, 66, 158, 222, 468, 476, 56, 482, 167, 229, 154, 390, 191, 212, 149, 472, 343, 246, 126, 28, 4, 288, 369, 16, 258, 254, 182, 159, 134, 251, 255, 384, 335, 360, 120, 415, 235, 75, 64, 441, 136, 119, 33, 346, 161, 63, 84, 217, 211, 109, 305, 325, 7, 372, 368, 282, 187, 240, 438, 123, 296, 402, 164, 451, 140, 174, 275, 221, 404, 129, 199, 495, 429, 94, 83, 142, 314, 233, 243, 116, 466, 87, 264, 445, 112, 380, 330, 318, 400, 413, 172, 12, 375, 105, 361, 263, 197, 117, 290, 26, 47, 128, 43, 133, 362, 334, 311, 440, 31, 232, 48, 141, 493, 101, 486, 312, 460, 176, 49, 270, 15, 111, 491, 65, 86, 53, 302, 108, 319, 52, 93, 471, 209, 100, 266, 146, 363, 73, 300, 68, 219, 152, 351, 173, 18, 321, 323, 138, 236, 168, 170, 178, 303, 96, 2, 309, 45, 230, 453, 114, 379, 349, 98, 38, 132, 11, 329, 67, 376, 457, 317, 313, 348, 257, 418, 269, 434, 204, 430, 444, 297, 237, 171, 213, 157, 110, 210, 156, 326, 121, 202, 304, 389, 463, 338, 279, 292, 327, 218, 88, 291, 271, 231, 294, 36, 328, 419, 13, 42, 186, 267, 50, 394, 139, 456, 196, 90, 427, 448, 69, 286, 381, 308, 387, 316, 289, 9, 195, 184]"
"88","153.77215051651","76496.875","80409.5310556592","[0, 74, 358, 285, 333, 249, 5, 137, 459, 262, 447, 281, 192, 223, 315, 411, 21, 284, 103, 118, 337, 234, 479, 193, 278, 99, 92, 245, 428, 130, 153, 95, 260, 322, 426, 388, 59, 420, 409, 405, 344, 58, 295, 183, 367, 431, 81, 104, 465, 124, 215, 342, 14, 54, 377, 71, 32, 393, 241, 467, 85, 115, 478, 484, 306, 443, 492, 470, 207, 385, 113, 410, 205, 485, 324, 265, 10, 131, 190, 481, 423, 27, 34, 391, 20, 356, 8, 259, 373, 347, 1, 44, 398, 450, 185, 406, 489, 250, 224, 248, 386, 175, 253, 396, 499, 203, 25, 416, 122, 274, 102, 239, 425, 252, 354, 359, 226, 155, 469, 382, 216, 283, 72, 370, 79, 23, 497, 135, 147, 417, 483, 273, 392, 244, 51, 3, 341, 143, 22, 82, 107, 280, 437, 127, 151, 442, 55, 364, 435, 395, 272, 228, 383, 496, 461, 268, 35, 480, 17, 78, 454, 97, 487, 145, 299, 37, 401, 238, 298, 70, 179, 261, 293, 407, 378, 200, 30, 165, 24, 464, 397, 301, 439, 339, 307, 91, 458, 490, 414, 80, 77, 452, 473, 41, 366, 462, 256, 162, 208, 287, 194, 474, 371, 477, 455, 62, 60, 332, 374, 144, 449, 225, 125, 498, 352, 340, 331, 353, 220, 181, 422, 412, 76, 242, 206, 201, 365, 166, 214, 177, 403, 39, 276, 180, 475, 277, 19, 488, 408, 355, 345, 163, 227, 424, 432, 494, 61, 89, 350, 436, 310, 150, 320, 188, 6, 106, 169, 198, 40, 29, 46, 446, 247, 357, 336, 57, 399, 421, 189, 148, 160, 433, 66, 158, 222, 468, 476, 56, 482, 167, 229, 154, 390, 191, 212, 149, 472, 343, 246, 126, 28, 4, 288, 369, 16, 258, 254, 182, 159, 134, 251, 255, 384, 335, 360, 120, 415, 235, 75, 64, 441, 136, 119, 33, 346, 161, 63, 84, 217, 211, 109, 305, 325, 7, 372, 368, 282, 187, 240, 438, 123, 296, 402, 164, 451, 140, 174, 275, 221, 404, 129, 199, 495, 429, 94, 83, 142, 314, 233, 243, 116, 466, 87, 264, 445, 112, 380, 330, 318, 400, 413, 172, 12, 375, 105, 361, 263, 197, 117, 290, 26, 47, 128, 43, 133, 362, 334, 311, 440, 31, 232, 48, 141, 493, 101, 486, 312, 460, 176, 49, 270, 15, 111, 491, 65, 86, 53, 302, 108, 319, 52, 93, 471, 209, 100, 266, 146, 363, 73, 300, 68, 219, 152, 351, 173, 18, 321, 323, 138, 236, 168, 170, 178, 303, 96, 2, 309, 45, 230, 453, 114, 379, 349, 98, 38, 132, 11, 329, 67, 376, 457, 317, 313, 348, 257, 418, 269, 434, 204, 430, 444, 297, 237, 171, 213, 157, 110, 210, 156, 326, 121, 202, 304, 389, 463, 338, 279, 292, 327, 218, 88, 291, 271, 231, 294, 36, 328, 419, 13, 42, 186, 267, 50, 394, 139, 456, 196, 90, 427, 448, 69, 286, 381, 308, 387, 316, 289, 9, 195, 184]"
"89","155.5377836227417","76487.40625","80161.95265858209","[0, 74, 358, 285, 333, 249, 5, 137, 459, 262, 447, 281, 192, 223, 315, 411, 21, 284, 103, 118, 337, 234, 479, 193, 278, 99, 92, 245, 428, 130, 153, 95, 260, 322, 426, 388, 59, 420, 409, 405, 344, 58, 295, 183, 367, 431, 81, 104, 465, 124, 215, 342, 14, 54, 377, 71, 32, 393, 241, 467, 85, 115, 478, 484, 306, 443, 492, 470, 207, 385, 113, 410, 205, 485, 324, 265, 10, 131, 190, 481, 423, 27, 34, 391, 20, 356, 8, 259, 373, 347, 1, 44, 398, 450, 185, 406, 489, 250, 224, 248, 386, 175, 253, 396, 499, 203, 25, 416, 122, 274, 102, 239, 425, 252, 354, 359, 226, 155, 469, 382, 216, 283, 72, 370, 79, 23, 497, 135, 147, 417, 483, 273, 392, 244, 51, 3, 341, 143, 22, 82, 107, 280, 437, 127, 151, 442, 55, 364, 435, 395, 272, 228, 383, 496, 461, 268, 35, 480, 17, 78, 454, 97, 487, 145, 299, 37, 401, 238, 298, 70, 179, 261, 293, 407, 378, 200, 30, 165, 24, 464, 397, 301, 439, 339, 307, 91, 458, 490, 414, 80, 77, 452, 473, 41, 366, 462, 256, 162, 208, 287, 194, 474, 371, 477, 455, 62, 60, 332, 374, 144, 449, 225, 125, 498, 352, 340, 331, 353, 220, 181, 422, 412, 76, 242, 206, 201, 365, 166, 214, 177, 403, 39, 276, 180, 475, 277, 19, 488, 408, 355, 345, 163, 227, 424, 432, 494, 61, 89, 350, 436, 310, 150, 320, 188, 6, 106, 169, 198, 40, 29, 46, 446, 247, 357, 336, 57, 399, 421, 189, 148, 160, 433, 66, 158, 222, 468, 476, 56, 482, 167, 229, 154, 390, 191, 212, 149, 472, 343, 246, 126, 28, 4, 288, 369, 16, 258, 254, 182, 159, 134, 251, 255, 384, 335, 360, 120, 415, 235, 75, 64, 441, 136, 119, 33, 346, 161, 63, 84, 217, 211, 109, 305, 325, 7, 372, 368, 282, 187, 240, 438, 123, 296, 402, 164, 451, 140, 174, 275, 221, 404, 129, 199, 495, 429, 94, 83, 142, 314, 233, 243, 116, 466, 87, 264, 445, 112, 380, 330, 318, 400, 413, 172, 12, 375, 105, 263, 361, 197, 117, 290, 26, 47, 128, 43, 133, 362, 334, 311, 440, 31, 232, 48, 141, 493, 101, 486, 312, 460, 176, 49, 270, 15, 111, 491, 65, 86, 53, 302, 108, 319, 52, 93, 471, 209, 100, 266, 146, 363, 73, 300, 68, 219, 152, 351, 173, 18, 321, 323, 138, 236, 168, 170, 178, 303, 96, 2, 309, 45, 230, 453, 114, 379, 349, 98, 38, 132, 11, 329, 67, 376, 457, 317, 313, 348, 257, 418, 269, 434, 204, 430, 444, 297, 237, 171, 213, 157, 110, 210, 156, 326, 121, 202, 304, 389, 463, 338, 279, 292, 327, 218, 88, 291, 271, 231, 294, 36, 328, 419, 13, 42, 186, 267, 50, 394, 139, 456, 196, 90, 427, 448, 69, 286, 381, 308, 387, 316, 289, 9, 195, 184]"
"90","157.30007004737854","76487.40625","80644.5343983209","[0, 74, 358, 285, 333, 249, 5, 137, 459, 262, 447, 281, 192, 223, 315, 411, 21, 284, 103, 118, 337, 234, 479, 193, 278, 99, 92, 245, 428, 130, 153, 95, 260, 322, 426, 388, 59, 420, 409, 405, 344, 58, 295, 183, 367, 431, 81, 104, 465, 124, 215, 342, 14, 54, 377, 71, 32, 393, 241, 467, 85, 115, 478, 484, 306, 443, 492, 470, 207, 385, 113, 410, 205, 485, 324, 265, 10, 131, 190, 481, 423, 27, 34, 391, 20, 356, 8, 259, 373, 347, 1, 44, 398, 450, 185, 406, 489, 250, 224, 248, 386, 175, 253, 396, 499, 203, 25, 416, 122, 274, 102, 239, 425, 252, 354, 359, 226, 155, 469, 382, 216, 283, 72, 370, 79, 23, 497, 135, 147, 417, 483, 273, 392, 244, 51, 3, 341, 143, 22, 82, 107, 280, 437, 127, 151, 442, 55, 364, 435, 395, 272, 228, 383, 496, 461, 268, 35, 480, 17, 78, 454, 97, 487, 145, 299, 37, 401, 238, 298, 70, 179, 261, 293, 407, 378, 200, 30, 165, 24, 464, 397, 301, 439, 339, 307, 91, 458, 490, 414, 80, 77, 452, 473, 41, 366, 462, 256, 162, 208, 287, 194, 474, 371, 477, 455, 62, 60, 332, 374, 144, 449, 225, 125, 498, 352, 340, 331, 353, 220, 181, 422, 412, 76, 242, 206, 201, 365, 166, 214, 177, 403, 39, 276, 180, 475, 277, 19, 488, 408, 355, 345, 163, 227, 424, 432, 494, 61, 89, 350, 436, 310, 150, 320, 188, 6, 106, 169, 198, 40, 29, 46, 446, 247, 357, 336, 57, 399, 421, 189, 148, 160, 433, 66, 158, 222, 468, 476, 56, 482, 167, 229, 154, 390, 191, 212, 149, 472, 343, 246, 126, 28, 4, 288, 369, 16, 258, 254, 182, 159, 134, 251, 255, 384, 335, 360, 120, 415, 235, 75, 64, 441, 136, 119, 33, 346, 161, 63, 84, 217, 211, 109, 305, 325, 7, 372, 368, 282, 187, 240, 438, 123, 296, 402, 164, 451, 140, 174, 275, 221, 404, 129, 199, 495, 429, 94, 83, 142, 314, 233, 243, 116, 466, 87, 264, 445, 112, 380, 330, 318, 400, 413, 172, 12, 375, 105, 263, 361, 197, 117, 290, 26, 47, 128, 43, 133, 362, 334, 311, 440, 31, 232, 48, 141, 493, 101, 486, 312, 460, 176, 49, 270, 15, 111, 491, 65, 86, 53, 302, 108, 319, 52, 93, 471, 209, 100, 266, 146, 363, 73, 300, 68, 219, 152, 351, 173, 18, 321, 323, 138, 236, 168, 170, 178, 303, 96, 2, 309, 45, 230, 453, 114, 379, 349, 98, 38, 132, 11, 329, 67, 376, 457, 317, 313, 348, 257, 418, 269, 434, 204, 430, 444, 297, 237, 171, 213, 157, 110, 210, 156, 326, 121, 202, 304, 389, 463, 338, 279, 292, 327, 218, 88, 291, 271, 231, 294, 36, 328, 419, 13, 42, 186, 267, 50, 394, 139, 456, 196, 90, 427, 448, 69, 286, 381, 308, 387, 316, 289, 9, 195, 184]"
"91","159.06575393676758","76487.40625","80551.57594838309","[0, 74, 358, 285, 333, 249, 5, 137, 459, 262, 447, 281, 192, 223, 315, 411, 21, 284, 103, 118, 337, 234, 479, 193, 278, 99, 92, 245, 428, 130, 153, 95, 260, 322, 426, 388, 59, 420, 409, 405, 344, 58, 295, 183, 367, 431, 81, 104, 465, 124, 215, 342, 14, 54, 377, 71, 32, 393, 241, 467, 85, 115, 478, 484, 306, 443, 492, 470, 207, 385, 113, 410, 205, 485, 324, 265, 10, 131, 190, 481, 423, 27, 34, 391, 20, 356, 8, 259, 373, 347, 1, 44, 398, 450, 185, 406, 489, 250, 224, 248, 386, 175, 253, 396, 499, 203, 25, 416, 122, 274, 102, 239, 425, 252, 354, 359, 226, 155, 469, 382, 216, 283, 72, 370, 79, 23, 497, 135, 147, 417, 483, 273, 392, 244, 51, 3, 341, 143, 22, 82, 107, 280, 437, 127, 151, 442, 55, 364, 435, 395, 272, 228, 383, 496, 461, 268, 35, 480, 17, 78, 454, 97, 487, 145, 299, 37, 401, 238, 298, 70, 179, 261, 293, 407, 378, 200, 30, 165, 24, 464, 397, 301, 439, 339, 307, 91, 458, 490, 414, 80, 77, 452, 473, 41, 366, 462, 256, 162, 208, 287, 194, 474, 371, 477, 455, 62, 60, 332, 374, 144, 449, 225, 125, 498, 352, 340, 331, 353, 220, 181, 422, 412, 76, 242, 206, 201, 365, 166, 214, 177, 403, 39, 276, 180, 475, 277, 19, 488, 408, 355, 345, 163, 227, 424, 432, 494, 61, 89, 350, 436, 310, 150, 320, 188, 6, 106, 169, 198, 40, 29, 46, 446, 247, 357, 336, 57, 399, 421, 189, 148, 160, 433, 66, 158, 222, 468, 476, 56, 482, 167, 229, 154, 390, 191, 212, 149, 472, 343, 246, 126, 28, 4, 288, 369, 16, 258, 254, 182, 159, 134, 251, 255, 384, 335, 360, 120, 415, 235, 75, 64, 441, 136, 119, 33, 346, 161, 63, 84, 217, 211, 109, 305, 325, 7, 372, 368, 282, 187, 240, 438, 123, 296, 402, 164, 451, 140, 174, 275, 221, 404, 129, 199, 495, 429, 94, 83, 142, 314, 233, 243, 116, 466, 87, 264, 445, 112, 380, 330, 318, 400, 413, 172, 12, 375, 105, 263, 361, 197, 117, 290, 26, 47, 128, 43, 133, 362, 334, 311, 440, 31, 232, 48, 141, 493, 101, 486, 312, 460, 176, 49, 270, 15, 111, 491, 65, 86, 53, 302, 108, 319, 52, 93, 471, 209, 100, 266, 146, 363, 73, 300, 68, 219, 152, 351, 173, 18, 321, 323, 138, 236, 168, 170, 178, 303, 96, 2, 309, 45, 230, 453, 114, 379, 349, 98, 38, 132, 11, 329, 67, 376, 457, 317, 313, 348, 257, 418, 269, 434, 204, 430, 444, 297, 237, 171, 213, 157, 110, 210, 156, 326, 121, 202, 304, 389, 463, 338, 279, 292, 327, 218, 88, 291, 271, 231, 294, 36, 328, 419, 13, 42, 186, 267, 50, 394, 139, 456, 196, 90, 427, 448, 69, 286, 381, 308, 387, 316, 289, 9, 195, 184]"
"92","160.82622241973877","76487.40625","80345.06864116916","[0, 74, 358, 285, 333, 249, 5, 137, 459, 262, 447, 281, 192, 223, 315, 411, 21, 284, 103, 118, 337, 234, 479, 193, 278, 99, 92, 245, 428, 130, 153, 95, 260, 322, 426, 388, 59, 420, 409, 405, 344, 58, 295, 183, 367, 431, 81, 104, 465, 124, 215, 342, 14, 54, 377, 71, 32, 393, 241, 467, 85, 115, 478, 484, 306, 443, 492, 470, 207, 385, 113, 410, 205, 485, 324, 265, 10, 131, 190, 481, 423, 27, 34, 391, 20, 356, 8, 259, 373, 347, 1, 44, 398, 450, 185, 406, 489, 250, 224, 248, 386, 175, 253, 396, 499, 203, 25, 416, 122, 274, 102, 239, 425, 252, 354, 359, 226, 155, 469, 382, 216, 283, 72, 370, 79, 23, 497, 135, 147, 417, 483, 273, 392, 244, 51, 3, 341, 143, 22, 82, 107, 280, 437, 127, 151, 442, 55, 364, 435, 395, 272, 228, 383, 496, 461, 268, 35, 480, 17, 78, 454, 97, 487, 145, 299, 37, 401, 238, 298, 70, 179, 261, 293, 407, 378, 200, 30, 165, 24, 464, 397, 301, 439, 339, 307, 91, 458, 490, 414, 80, 77, 452, 473, 41, 366, 462, 256, 162, 208, 287, 194, 474, 371, 477, 455, 62, 60, 332, 374, 144, 449, 225, 125, 498, 352, 340, 331, 353, 220, 181, 422, 412, 76, 242, 206, 201, 365, 166, 214, 177, 403, 39, 276, 180, 475, 277, 19, 488, 408, 355, 345, 163, 227, 424, 432, 494, 61, 89, 350, 436, 310, 150, 320, 188, 6, 106, 169, 198, 40, 29, 46, 446, 247, 357, 336, 57, 399, 421, 189, 148, 160, 433, 66, 158, 222, 468, 476, 56, 482, 167, 229, 154, 390, 191, 212, 149, 472, 343, 246, 126, 28, 4, 288, 369, 16, 258, 254, 182, 159, 134, 251, 255, 384, 335, 360, 120, 415, 235, 75, 64, 441, 136, 119, 33, 346, 161, 63, 84, 217, 211, 109, 305, 325, 7, 372, 368, 282, 187, 240, 438, 123, 296, 402, 164, 451, 140, 174, 275, 221, 404, 129, 199, 495, 429, 94, 83, 142, 314, 233, 243, 116, 466, 87, 264, 445, 112, 380, 330, 318, 400, 413, 172, 12, 375, 105, 263, 361, 197, 117, 290, 26, 47, 128, 43, 133, 362, 334, 311, 440, 31, 232, 48, 141, 493, 101, 486, 312, 460, 176, 49, 270, 15, 111, 491, 65, 86, 53, 302, 108, 319, 52, 93, 471, 209, 100, 266, 146, 363, 73, 300, 68, 219, 152, 351, 173, 18, 321, 323, 138, 236, 168, 170, 178, 303, 96, 2, 309, 45, 230, 453, 114, 379, 349, 98, 38, 132, 11, 329, 67, 376, 457, 317, 313, 348, 257, 418, 269, 434, 204, 430, 444, 297, 237, 171, 213, 157, 110, 210, 156, 326, 121, 202, 304, 389, 463, 338, 279, 292, 327, 218, 88, 291, 271, 231, 294, 36, 328, 419, 13, 42, 186, 267, 50, 394, 139, 456, 196, 90, 427, 448, 69, 286, 381, 308, 387, 316, 289, 9, 195, 184]"
"93","162.58476066589355","76487.40625","80746.17723880598","[0, 74, 358, 285, 333, 249, 5, 137, 459, 262, 447, 281, 192, 223, 315, 411, 21, 284, 103, 118, 337, 234, 479, 193, 278, 99, 92, 245, 428, 130, 153, 95, 260, 322, 426, 388, 59, 420, 409, 405, 344, 58, 295, 183, 367, 431, 81, 104, 465, 124, 215, 342, 14, 54, 377, 71, 32, 393, 241, 467, 85, 115, 478, 484, 306, 443, 492, 470, 207, 385, 113, 410, 205, 485, 324, 265, 10, 131, 190, 481, 423, 27, 34, 391, 20, 356, 8, 259, 373, 347, 1, 44, 398, 450, 185, 406, 489, 250, 224, 248, 386, 175, 253, 396, 499, 203, 25, 416, 122, 274, 102, 239, 425, 252, 354, 359, 226, 155, 469, 382, 216, 283, 72, 370, 79, 23, 497, 135, 147, 417, 483, 273, 392, 244, 51, 3, 341, 143, 22, 82, 107, 280, 437, 127, 151, 442, 55, 364, 435, 395, 272, 228, 383, 496, 461, 268, 35, 480, 17, 78, 454, 97, 487, 145, 299, 37, 401, 238, 298, 70, 179, 261, 293, 407, 378, 200, 30, 165, 24, 464, 397, 301, 439, 339, 307, 91, 458, 490, 414, 80, 77, 452, 473, 41, 366, 462, 256, 162, 208, 287, 194, 474, 371, 477, 455, 62, 60, 332, 374, 144, 449, 225, 125, 498, 352, 340, 331, 353, 220, 181, 422, 412, 76, 242, 206, 201, 365, 166, 214, 177, 403, 39, 276, 180, 475, 277, 19, 488, 408, 355, 345, 163, 227, 424, 432, 494, 61, 89, 350, 436, 310, 150, 320, 188, 6, 106, 169, 198, 40, 29, 46, 446, 247, 357, 336, 57, 399, 421, 189, 148, 160, 433, 66, 158, 222, 468, 476, 56, 482, 167, 229, 154, 390, 191, 212, 149, 472, 343, 246, 126, 28, 4, 288, 369, 16, 258, 254, 182, 159, 134, 251, 255, 384, 335, 360, 120, 415, 235, 75, 64, 441, 136, 119, 33, 346, 161, 63, 84, 217, 211, 109, 305, 325, 7, 372, 368, 282, 187, 240, 438, 123, 296, 402, 164, 451, 140, 174, 275, 221, 404, 129, 199, 495, 429, 94, 83, 142, 314, 233, 243, 116, 466, 87, 264, 445, 112, 380, 330, 318, 400, 413, 172, 12, 375, 105, 263, 361, 197, 117, 290, 26, 47, 128, 43, 133, 362, 334, 311, 440, 31, 232, 48, 141, 493, 101, 486, 312, 460, 176, 49, 270, 15, 111, 491, 65, 86, 53, 302, 108, 319, 52, 93, 471, 209, 100, 266, 146, 363, 73, 300, 68, 219, 152, 351, 173, 18, 321, 323, 138, 236, 168, 170, 178, 303, 96, 2, 309, 45, 230, 453, 114, 379, 349, 98, 38, 132, 11, 329, 67, 376, 457, 317, 313, 348, 257, 418, 269, 434, 204, 430, 444, 297, 237, 171, 213, 157, 110, 210, 156, 326, 121, 202, 304, 389, 463, 338, 279, 292, 327, 218, 88, 291, 271, 231, 294, 36, 328, 419, 13, 42, 186, 267, 50, 394, 139, 456, 196, 90, 427, 448, 69, 286, 381, 308, 387, 316, 289, 9, 195, 184]"
"94","164.34283566474915","76487.40625","80473.6288090796","[0, 74, 358, 285, 333, 249, 5, 137, 459, 262, 447, 281, 192, 223, 315, 411, 21, 284, 103, 118, 337, 234, 479, 193, 278, 99, 92, 245, 428, 130, 153, 95, 260, 322, 426, 388, 59, 420, 409, 405, 344, 58, 295, 183, 367, 431, 81, 104, 465, 124, 215, 342, 14, 54, 377, 71, 32, 393, 241, 467, 85, 115, 478, 484, 306, 443, 492, 470, 207, 385, 113, 410, 205, 485, 324, 265, 10, 131, 190, 481, 423, 27, 34, 391, 20, 356, 8, 259, 373, 347, 1, 44, 398, 450, 185, 406, 489, 250, 224, 248, 386, 175, 253, 396, 499, 203, 25, 416, 122, 274, 102, 239, 425, 252, 354, 359, 226, 155, 469, 382, 216, 283, 72, 370, 79, 23, 497, 135, 147, 417, 483, 273, 392, 244, 51, 3, 341, 143, 22, 82, 107, 280, 437, 127, 151, 442, 55, 364, 435, 395, 272, 228, 383, 496, 461, 268, 35, 480, 17, 78, 454, 97, 487, 145, 299, 37, 401, 238, 298, 70, 179, 261, 293, 407, 378, 200, 30, 165, 24, 464, 397, 301, 439, 339, 307, 91, 458, 490, 414, 80, 77, 452, 473, 41, 366, 462, 256, 162, 208, 287, 194, 474, 371, 477, 455, 62, 60, 332, 374, 144, 449, 225, 125, 498, 352, 340, 331, 353, 220, 181, 422, 412, 76, 242, 206, 201, 365, 166, 214, 177, 403, 39, 276, 180, 475, 277, 19, 488, 408, 355, 345, 163, 227, 424, 432, 494, 61, 89, 350, 436, 310, 150, 320, 188, 6, 106, 169, 198, 40, 29, 46, 446, 247, 357, 336, 57, 399, 421, 189, 148, 160, 433, 66, 158, 222, 468, 476, 56, 482, 167, 229, 154, 390, 191, 212, 149, 472, 343, 246, 126, 28, 4, 288, 369, 16, 258, 254, 182, 159, 134, 251, 255, 384, 335, 360, 120, 415, 235, 75, 64, 441, 136, 119, 33, 346, 161, 63, 84, 217, 211, 109, 305, 325, 7, 372, 368, 282, 187, 240, 438, 123, 296, 402, 164, 451, 140, 174, 275, 221, 404, 129, 199, 495, 429, 94, 83, 142, 314, 233, 243, 116, 466, 87, 264, 445, 112, 380, 330, 318, 400, 413, 172, 12, 375, 105, 263, 361, 197, 117, 290, 26, 47, 128, 43, 133, 362, 334, 311, 440, 31, 232, 48, 141, 493, 101, 486, 312, 460, 176, 49, 270, 15, 111, 491, 65, 86, 53, 302, 108, 319, 52, 93, 471, 209, 100, 266, 146, 363, 73, 300, 68, 219, 152, 351, 173, 18, 321, 323, 138, 236, 168, 170, 178, 303, 96, 2, 309, 45, 230, 453, 114, 379, 349, 98, 38, 132, 11, 329, 67, 376, 457, 317, 313, 348, 257, 418, 269, 434, 204, 430, 444, 297, 237, 171, 213, 157, 110, 210, 156, 326, 121, 202, 304, 389, 463, 338, 279, 292, 327, 218, 88, 291, 271, 231, 294, 36, 328, 419, 13, 42, 186, 267, 50, 394, 139, 456, 196, 90, 427, 448, 69, 286, 381, 308, 387, 316, 289, 9, 195, 184]"
"95","166.10353755950928","76487.40625","80771.15364583333","[0, 74, 358, 285, 333, 249, 5, 137, 459, 262, 447, 281, 192, 223, 315, 411, 21, 284, 103, 118, 337, 234, 479, 193, 278, 99, 92, 245, 428, 130, 153, 95, 260, 322, 426, 388, 59, 420, 409, 405, 344, 58, 295, 183, 367, 431, 81, 104, 465, 124, 215, 342, 14, 54, 377, 71, 32, 393, 241, 467, 85, 115, 478, 484, 306, 443, 492, 470, 207, 385, 113, 410, 205, 485, 324, 265, 10, 131, 190, 481, 423, 27, 34, 391, 20, 356, 8, 259, 373, 347, 1, 44, 398, 450, 185, 406, 489, 250, 224, 248, 386, 175, 253, 396, 499, 203, 25, 416, 122, 274, 102, 239, 425, 252, 354, 359, 226, 155, 469, 382, 216, 283, 72, 370, 79, 23, 497, 135, 147, 417, 483, 273, 392, 244, 51, 3, 341, 143, 22, 82, 107, 280, 437, 127, 151, 442, 55, 364, 435, 395, 272, 228, 383, 496, 461, 268, 35, 480, 17, 78, 454, 97, 487, 145, 299, 37, 401, 238, 298, 70, 179, 261, 293, 407, 378, 200, 30, 165, 24, 464, 397, 301, 439, 339, 307, 91, 458, 490, 414, 80, 77, 452, 473, 41, 366, 462, 256, 162, 208, 287, 194, 474, 371, 477, 455, 62, 60, 332, 374, 144, 449, 225, 125, 498, 352, 340, 331, 353, 220, 181, 422, 412, 76, 242, 206, 201, 365, 166, 214, 177, 403, 39, 276, 180, 475, 277, 19, 488, 408, 355, 345, 163, 227, 424, 432, 494, 61, 89, 350, 436, 310, 150, 320, 188, 6, 106, 169, 198, 40, 29, 46, 446, 247, 357, 336, 57, 399, 421, 189, 148, 160, 433, 66, 158, 222, 468, 476, 56, 482, 167, 229, 154, 390, 191, 212, 149, 472, 343, 246, 126, 28, 4, 288, 369, 16, 258, 254, 182, 159, 134, 251, 255, 384, 335, 360, 120, 415, 235, 75, 64, 441, 136, 119, 33, 346, 161, 63, 84, 217, 211, 109, 305, 325, 7, 372, 368, 282, 187, 240, 438, 123, 296, 402, 164, 451, 140, 174, 275, 221, 404, 129, 199, 495, 429, 94, 83, 142, 314, 233, 243, 116, 466, 87, 264, 445, 112, 380, 330, 318, 400, 413, 172, 12, 375, 105, 263, 361, 197, 117, 290, 26, 47, 128, 43, 133, 362, 334, 311, 440, 31, 232, 48, 141, 493, 101, 486, 312, 460, 176, 49, 270, 15, 111, 491, 65, 86, 53, 302, 108, 319, 52, 93, 471, 209, 100, 266, 146, 363, 73, 300, 68, 219, 152, 351, 173, 18, 321, 323, 138, 236, 168, 170, 178, 303, 96, 2, 309, 45, 230, 453, 114, 379, 349, 98, 38, 132, 11, 329, 67, 376, 457, 317, 313, 348, 257, 418, 269, 434, 204, 430, 444, 297, 237, 171, 213, 157, 110, 210, 156, 326, 121, 202, 304, 389, 463, 338, 279, 292, 327, 218, 88, 291, 271, 231, 294, 36, 328, 419, 13, 42, 186, 267, 50, 394, 139, 456, 196, 90, 427, 448, 69, 286, 381, 308, 387, 316, 289, 9, 195, 184]"
"96","167.86621236801147","76473.6015625","80763.51616915423","[0, 74, 358, 285, 333, 249, 5, 137, 459, 262, 447, 281, 192, 223, 315, 411, 21, 284, 103, 118, 337, 234, 479, 193, 278, 99, 92, 245, 428, 130, 153, 95, 260, 322, 426, 388, 59, 420, 409, 405, 344, 58, 295, 183, 367, 431, 81, 104, 465, 124, 215, 342, 14, 54, 377, 71, 32, 393, 241, 467, 85, 115, 478, 484, 306, 443, 492, 470, 207, 385, 113, 410, 205, 485, 324, 265, 10, 131, 190, 481, 423, 27, 34, 391, 20, 356, 8, 259, 373, 347, 1, 44, 398, 450, 185, 406, 489, 250, 224, 248, 386, 175, 253, 396, 499, 203, 25, 416, 122, 274, 102, 239, 425, 252, 354, 359, 226, 155, 469, 382, 216, 283, 72, 370, 79, 23, 497, 135, 147, 417, 483, 273, 392, 244, 51, 3, 341, 143, 22, 82, 107, 280, 437, 127, 151, 442, 55, 364, 435, 395, 272, 228, 383, 496, 461, 268, 35, 480, 17, 78, 454, 97, 487, 145, 299, 37, 401, 238, 298, 70, 179, 261, 293, 407, 378, 200, 30, 165, 24, 464, 397, 301, 439, 339, 307, 91, 458, 490, 414, 80, 77, 452, 473, 41, 366, 462, 256, 162, 208, 287, 194, 474, 371, 477, 455, 62, 60, 332, 374, 144, 449, 225, 125, 498, 352, 340, 331, 353, 220, 181, 422, 412, 76, 242, 206, 201, 365, 166, 214, 177, 403, 39, 276, 180, 475, 277, 19, 488, 408, 355, 345, 163, 227, 424, 432, 494, 61, 89, 350, 436, 310, 150, 320, 188, 6, 106, 169, 198, 40, 29, 46, 446, 247, 357, 336, 57, 399, 421, 189, 148, 160, 433, 66, 158, 222, 468, 476, 56, 482, 167, 229, 154, 390, 191, 212, 149, 472, 343, 246, 126, 28, 4, 288, 369, 16, 258, 254, 182, 159, 134, 251, 255, 384, 335, 360, 120, 415, 235, 75, 64, 441, 136, 119, 33, 346, 161, 63, 84, 217, 211, 109, 305, 325, 7, 372, 368, 282, 187, 240, 438, 123, 296, 402, 164, 451, 140, 174, 275, 221, 404, 129, 199, 495, 429, 94, 83, 142, 314, 233, 243, 116, 466, 87, 264, 445, 112, 380, 330, 318, 400, 413, 172, 12, 375, 105, 263, 361, 197, 117, 290, 26, 47, 128, 43, 133, 362, 334, 311, 440, 31, 232, 48, 141, 493, 101, 486, 312, 460, 176, 49, 270, 15, 111, 491, 65, 86, 53, 302, 108, 319, 52, 93, 471, 209, 100, 266, 146, 363, 73, 300, 68, 219, 152, 351, 173, 18, 321, 323, 138, 236, 168, 170, 303, 178, 96, 2, 309, 45, 230, 453, 114, 379, 349, 98, 38, 132, 11, 329, 67, 376, 457, 317, 313, 348, 257, 418, 269, 434, 204, 430, 444, 297, 237, 171, 213, 157, 110, 210, 156, 326, 121, 202, 304, 389, 463, 338, 279, 292, 327, 218, 88, 291, 271, 231, 294, 36, 328, 419, 13, 42, 186, 267, 50, 394, 139, 456, 196, 90, 427, 448, 69, 286, 381, 308, 387, 316, 289, 9, 195, 184]"
"97","169.6615960597992","76472.515625","80728.37733208956","[0, 74, 358, 285, 333, 249, 5, 137, 459, 262, 447, 281, 192, 223, 315, 411, 21, 284, 103, 118, 337, 234, 479, 193, 278, 99, 92, 245, 428, 130, 153, 95, 260, 322, 426, 388, 59, 420, 409, 405, 344, 58, 295, 183, 367, 431, 81, 104, 465, 124, 215, 342, 14, 54, 377, 71, 32, 393, 241, 467, 85, 115, 478, 484, 306, 443, 492, 470, 207, 385, 113, 410, 205, 485, 324, 265, 10, 131, 190, 481, 423, 27, 34, 391, 20, 356, 8, 259, 373, 347, 1, 44, 398, 450, 185, 406, 489, 250, 224, 248, 386, 175, 253, 396, 499, 203, 25, 416, 122, 274, 102, 239, 425, 252, 354, 359, 226, 155, 469, 382, 216, 283, 72, 370, 79, 23, 497, 135, 147, 417, 483, 273, 392, 244, 51, 3, 341, 143, 22, 82, 107, 280, 437, 127, 151, 442, 55, 364, 435, 395, 272, 228, 383, 496, 461, 268, 35, 480, 17, 78, 454, 97, 487, 145, 299, 37, 401, 238, 298, 70, 179, 261, 293, 407, 378, 200, 30, 165, 24, 464, 397, 301, 439, 339, 307, 91, 458, 490, 414, 80, 77, 452, 473, 41, 366, 462, 256, 162, 208, 287, 194, 474, 371, 477, 455, 62, 60, 332, 374, 144, 449, 225, 125, 498, 352, 340, 331, 353, 220, 181, 422, 412, 76, 242, 206, 201, 365, 166, 214, 177, 403, 39, 276, 180, 475, 277, 19, 488, 408, 355, 345, 163, 227, 424, 432, 494, 61, 89, 350, 436, 310, 150, 320, 188, 6, 106, 169, 198, 40, 29, 46, 446, 247, 357, 336, 57, 399, 421, 189, 148, 160, 433, 66, 158, 222, 468, 476, 56, 482, 167, 229, 154, 390, 191, 212, 149, 472, 343, 246, 126, 28, 4, 288, 369, 16, 258, 254, 182, 159, 134, 251, 255, 384, 335, 360, 120, 415, 235, 75, 64, 441, 136, 119, 33, 346, 161, 63, 84, 217, 211, 109, 305, 325, 7, 372, 368, 282, 187, 240, 438, 123, 296, 402, 164, 140, 451, 174, 275, 221, 404, 129, 199, 495, 429, 94, 83, 142, 314, 233, 243, 116, 466, 87, 264, 445, 112, 380, 330, 318, 400, 413, 172, 12, 375, 105, 263, 361, 197, 117, 290, 26, 47, 128, 43, 133, 362, 334, 311, 440, 31, 232, 48, 141, 493, 101, 486, 312, 460, 176, 49, 270, 15, 111, 491, 65, 86, 53, 302, 108, 319, 52, 93, 471, 209, 100, 266, 146, 363, 73, 300, 68, 219, 152, 351, 173, 18, 321, 323, 138, 236, 168, 170, 303, 178, 96, 2, 309, 45, 230, 453, 114, 379, 349, 98, 38, 132, 11, 329, 67, 376, 457, 317, 313, 348, 257, 418, 269, 434, 204, 430, 444, 297, 237, 171, 213, 157, 110, 210, 156, 326, 121, 202, 304, 389, 463, 338, 279, 292, 327, 218, 88, 291, 271, 231, 294, 36, 328, 419, 13, 42, 186, 267, 50, 394, 139, 456, 196, 90, 427, 448, 69, 286, 381, 308, 387, 316, 289, 9, 195, 184]"
"98","171.4247076511383","76472.515625","80309.0265858209","[0, 74, 358, 285, 333, 249, 5, 137, 459, 262, 447, 281, 192, 223, 315, 411, 21, 284, 103, 118, 337, 234, 479, 193, 278, 99, 92, 245, 428, 130, 153, 95, 260, 322, 426, 388, 59, 420, 409, 405, 344, 58, 295, 183, 367, 431, 81, 104, 465, 124, 215, 342, 14, 54, 377, 71, 32, 393, 241, 467, 85, 115, 478, 484, 306, 443, 492, 470, 207, 385, 113, 410, 205, 485, 324, 265, 10, 131, 190, 481, 423, 27, 34, 391, 20, 356, 8, 259, 373, 347, 1, 44, 398, 450, 185, 406, 489, 250, 224, 248, 386, 175, 253, 396, 499, 203, 25, 416, 122, 274, 102, 239, 425, 252, 354, 359, 226, 155, 469, 382, 216, 283, 72, 370, 79, 23, 497, 135, 147, 417, 483, 273, 392, 244, 51, 3, 341, 143, 22, 82, 107, 280, 437, 127, 151, 442, 55, 364, 435, 395, 272, 228, 383, 496, 461, 268, 35, 480, 17, 78, 454, 97, 487, 145, 299, 37, 401, 238, 298, 70, 179, 261, 293, 407, 378, 200, 30, 165, 24, 464, 397, 301, 439, 339, 307, 91, 458, 490, 414, 80, 77, 452, 473, 41, 366, 462, 256, 162, 208, 287, 194, 474, 371, 477, 455, 62, 60, 332, 374, 144, 449, 225, 125, 498, 352, 340, 331, 353, 220, 181, 422, 412, 76, 242, 206, 201, 365, 166, 214, 177, 403, 39, 276, 180, 475, 277, 19, 488, 408, 355, 345, 163, 227, 424, 432, 494, 61, 89, 350, 436, 310, 150, 320, 188, 6, 106, 169, 198, 40, 29, 46, 446, 247, 357, 336, 57, 399, 421, 189, 148, 160, 433, 66, 158, 222, 468, 476, 56, 482, 167, 229, 154, 390, 191, 212, 149, 472, 343, 246, 126, 28, 4, 288, 369, 16, 258, 254, 182, 159, 134, 251, 255, 384, 335, 360, 120, 415, 235, 75, 64, 441, 136, 119, 33, 346, 161, 63, 84, 217, 211, 109, 305, 325, 7, 372, 368, 282, 187, 240, 438, 123, 296, 402, 164, 140, 451, 174, 275, 221, 404, 129, 199, 495, 429, 94, 83, 142, 314, 233, 243, 116, 466, 87, 264, 445, 112, 380, 330, 318, 400, 413, 172, 12, 375, 105, 263, 361, 197, 117, 290, 26, 47, 128, 43, 133, 362, 334, 311, 440, 31, 232, 48, 141, 493, 101, 486, 312, 460, 176, 49, 270, 15, 111, 491, 65, 86, 53, 302, 108, 319, 52, 93, 471, 209, 100, 266, 146, 363, 73, 300, 68, 219, 152, 351, 173, 18, 321, 323, 138, 236, 168, 170, 303, 178, 96, 2, 309, 45, 230, 453, 114, 379, 349, 98, 38, 132, 11, 329, 67, 376, 457, 317, 313, 348, 257, 418, 269, 434, 204, 430, 444, 297, 237, 171, 213, 157, 110, 210, 156, 326, 121, 202, 304, 389, 463, 338, 279, 292, 327, 218, 88, 291, 271, 231, 294, 36, 328, 419, 13, 42, 186, 267, 50, 394, 139, 456, 196, 90, 427, 448, 69, 286, 381, 308, 387, 316, 289, 9, 195, 184]"
"99","173.18023896217346","76472.515625","80125.3708022388","[0, 74, 358, 285, 333, 249, 5, 137, 459, 262, 447, 281, 192, 223, 315, 411, 21, 284, 103, 118, 337, 234, 479, 193, 278, 99, 92, 245, 428, 130, 153, 95, 260, 322, 426, 388, 59, 420, 409, 405, 344, 58, 295, 183, 367, 431, 81, 104, 465, 124, 215, 342, 14, 54, 377, 71, 32, 393, 241, 467, 85, 115, 478, 484, 306, 443, 492, 470, 207, 385, 113, 410, 205, 485, 324, 265, 10, 131, 190, 481, 423, 27, 34, 391, 20, 356, 8, 259, 373, 347, 1, 44, 398, 450, 185, 406, 489, 250, 224, 248, 386, 175, 253, 396, 499, 203, 25, 416, 122, 274, 102, 239, 425, 252, 354, 359, 226, 155, 469, 382, 216, 283, 72, 370, 79, 23, 497, 135, 147, 417, 483, 273, 392, 244, 51, 3, 341, 143, 22, 82, 107, 280, 437, 127, 151, 442, 55, 364, 435, 395, 272, 228, 383, 496, 461, 268, 35, 480, 17, 78, 454, 97, 487, 145, 299, 37, 401, 238, 298, 70, 179, 261, 293, 407, 378, 200, 30, 165, 24, 464, 397, 301, 439, 339, 307, 91, 458, 490, 414, 80, 77, 452, 473, 41, 366, 462, 256, 162, 208, 287, 194, 474, 371, 477, 455, 62, 60, 332, 374, 144, 449, 225, 125, 498, 352, 340, 331, 353, 220, 181, 422, 412, 76, 242, 206, 201, 365, 166, 214, 177, 403, 39, 276, 180, 475, 277, 19, 488, 408, 355, 345, 163, 227, 424, 432, 494, 61, 89, 350, 436, 310, 150, 320, 188, 6, 106, 169, 198, 40, 29, 46, 446, 247, 357, 336, 57, 399, 421, 189, 148, 160, 433, 66, 158, 222, 468, 476, 56, 482, 167, 229, 154, 390, 191, 212, 149, 472, 343, 246, 126, 28, 4, 288, 369, 16, 258, 254, 182, 159, 134, 251, 255, 384, 335, 360, 120, 415, 235, 75, 64, 441, 136, 119, 33, 346, 161, 63, 84, 217, 211, 109, 305, 325, 7, 372, 368, 282, 187, 240, 438, 123, 296, 402, 164, 140, 451, 174, 275, 221, 404, 129, 199, 495, 429, 94, 83, 142, 314, 233, 243, 116, 466, 87, 264, 445, 112, 380, 330, 318, 400, 413, 172, 12, 375, 105, 263, 361, 197, 117, 290, 26, 47, 128, 43, 133, 362, 334, 311, 440, 31, 232, 48, 141, 493, 101, 486, 312, 460, 176, 49, 270, 15, 111, 491, 65, 86, 53, 302, 108, 319, 52, 93, 471, 209, 100, 266, 146, 363, 73, 300, 68, 219, 152, 351, 173, 18, 321, 323, 138, 236, 168, 170, 303, 178, 96, 2, 309, 45, 230, 453, 114, 379, 349, 98, 38, 132, 11, 329, 67, 376, 457, 317, 313, 348, 257, 418, 269, 434, 204, 430, 444, 297, 237, 171, 213, 157, 110, 210, 156, 326, 121, 202, 304, 389, 463, 338, 279, 292, 327, 218, 88, 291, 271, 231, 294, 36, 328, 419, 13, 42, 186, 267, 50, 394, 139, 456, 196, 90, 427, 448, 69, 286, 381, 308, 387, 316, 289, 9, 195, 184]"
"100","174.94172358512878","76472.515625","80153.87694340796","[0, 74, 358, 285, 333, 249, 5, 137, 459, 262, 447, 281, 192, 223, 315, 411, 21, 284, 103, 118, 337, 234, 479, 193, 278, 99, 92, 245, 428, 130, 153, 95, 260, 322, 426, 388, 59, 420, 409, 405, 344, 58, 295, 183, 367, 431, 81, 104, 465, 124, 215, 342, 14, 54, 377, 71, 32, 393, 241, 467, 85, 115, 478, 484, 306, 443, 492, 470, 207, 385, 113, 410, 205, 485, 324, 265, 10, 131, 190, 481, 423, 27, 34, 391, 20, 356, 8, 259, 373, 347, 1, 44, 398, 450, 185, 406, 489, 250, 224, 248, 386, 175, 253, 396, 499, 203, 25, 416, 122, 274, 102, 239, 425, 252, 354, 359, 226, 155, 469, 382, 216, 283, 72, 370, 79, 23, 497, 135, 147, 417, 483, 273, 392, 244, 51, 3, 341, 143, 22, 82, 107, 280, 437, 127, 151, 442, 55, 364, 435, 395, 272, 228, 383, 496, 461, 268, 35, 480, 17, 78, 454, 97, 487, 145, 299, 37, 401, 238, 298, 70, 179, 261, 293, 407, 378, 200, 30, 165, 24, 464, 397, 301, 439, 339, 307, 91, 458, 490, 414, 80, 77, 452, 473, 41, 366, 462, 256, 162, 208, 287, 194, 474, 371, 477, 455, 62, 60, 332, 374, 144, 449, 225, 125, 498, 352, 340, 331, 353, 220, 181, 422, 412, 76, 242, 206, 201, 365, 166, 214, 177, 403, 39, 276, 180, 475, 277, 19, 488, 408, 355, 345, 163, 227, 424, 432, 494, 61, 89, 350, 436, 310, 150, 320, 188, 6, 106, 169, 198, 40, 29, 46, 446, 247, 357, 336, 57, 399, 421, 189, 148, 160, 433, 66, 158, 222, 468, 476, 56, 482, 167, 229, 154, 390, 191, 212, 149, 472, 343, 246, 126, 28, 4, 288, 369, 16, 258, 254, 182, 159, 134, 251, 255, 384, 335, 360, 120, 415, 235, 75, 64, 441, 136, 119, 33, 346, 161, 63, 84, 217, 211, 109, 305, 325, 7, 372, 368, 282, 187, 240, 438, 123, 296, 402, 164, 140, 451, 174, 275, 221, 404, 129, 199, 495, 429, 94, 83, 142, 314, 233, 243, 116, 466, 87, 264, 445, 112, 380, 330, 318, 400, 413, 172, 12, 375, 105, 263, 361, 197, 117, 290, 26, 47, 128, 43, 133, 362, 334, 311, 440, 31, 232, 48, 141, 493, 101, 486, 312, 460, 176, 49, 270, 15, 111, 491, 65, 86, 53, 302, 108, 319, 52, 93, 471, 209, 100, 266, 146, 363, 73, 300, 68, 219, 152, 351, 173, 18, 321, 323, 138, 236, 168, 170, 303, 178, 96, 2, 309, 45, 230, 453, 114, 379, 349, 98, 38, 132, 11, 329, 67, 376, 457, 317, 313, 348, 257, 418, 269, 434, 204, 430, 444, 297, 237, 171, 213, 157, 110, 210, 156, 326, 121, 202, 304, 389, 463, 338, 279, 292, 327, 218, 88, 291, 271, 231, 294, 36, 328, 419, 13, 42, 186, 267, 50, 394, 139, 456, 196, 90, 427, 448, 69, 286, 381, 308, 387, 316, 289, 9, 195, 184]"
"101","176.69651651382446","76472.515625","80393.26131063433","[0, 74, 358, 285, 333, 249, 5, 137, 459, 262, 447, 281, 192, 223, 315, 411, 21, 284, 103, 118, 337, 234, 479, 193, 278, 99, 92, 245, 428, 130, 153, 95, 260, 322, 426, 388, 59, 420, 409, 405, 344, 58, 295, 183, 367, 431, 81, 104, 465, 124, 215, 342, 14, 54, 377, 71, 32, 393, 241, 467, 85, 115, 478, 484, 306, 443, 492, 470, 207, 385, 113, 410, 205, 485, 324, 265, 10, 131, 190, 481, 423, 27, 34, 391, 20, 356, 8, 259, 373, 347, 1, 44, 398, 450, 185, 406, 489, 250, 224, 248, 386, 175, 253, 396, 499, 203, 25, 416, 122, 274, 102, 239, 425, 252, 354, 359, 226, 155, 469, 382, 216, 283, 72, 370, 79, 23, 497, 135, 147, 417, 483, 273, 392, 244, 51, 3, 341, 143, 22, 82, 107, 280, 437, 127, 151, 442, 55, 364, 435, 395, 272, 228, 383, 496, 461, 268, 35, 480, 17, 78, 454, 97, 487, 145, 299, 37, 401, 238, 298, 70, 179, 261, 293, 407, 378, 200, 30, 165, 24, 464, 397, 301, 439, 339, 307, 91, 458, 490, 414, 80, 77, 452, 473, 41, 366, 462, 256, 162, 208, 287, 194, 474, 371, 477, 455, 62, 60, 332, 374, 144, 449, 225, 125, 498, 352, 340, 331, 353, 220, 181, 422, 412, 76, 242, 206, 201, 365, 166, 214, 177, 403, 39, 276, 180, 475, 277, 19, 488, 408, 355, 345, 163, 227, 424, 432, 494, 61, 89, 350, 436, 310, 150, 320, 188, 6, 106, 169, 198, 40, 29, 46, 446, 247, 357, 336, 57, 399, 421, 189, 148, 160, 433, 66, 158, 222, 468, 476, 56, 482, 167, 229, 154, 390, 191, 212, 149, 472, 343, 246, 126, 28, 4, 288, 369, 16, 258, 254, 182, 159, 134, 251, 255, 384, 335, 360, 120, 415, 235, 75, 64, 441, 136, 119, 33, 346, 161, 63, 84, 217, 211, 109, 305, 325, 7, 372, 368, 282, 187, 240, 438, 123, 296, 402, 164, 140, 451, 174, 275, 221, 404, 129, 199, 495, 429, 94, 83, 142, 314, 233, 243, 116, 466, 87, 264, 445, 112, 380, 330, 318, 400, 413, 172, 12, 375, 105, 263, 361, 197, 117, 290, 26, 47, 128, 43, 133, 362, 334, 311, 440, 31, 232, 48, 141, 493, 101, 486, 312, 460, 176, 49, 270, 15, 111, 491, 65, 86, 53, 302, 108, 319, 52, 93, 471, 209, 100, 266, 146, 363, 73, 300, 68, 219, 152, 351, 173, 18, 321, 323, 138, 236, 168, 170, 303, 178, 96, 2, 309, 45, 230, 453, 114, 379, 349, 98, 38, 132, 11, 329, 67, 376, 457, 317, 313, 348, 257, 418, 269, 434, 204, 430, 444, 297, 237, 171, 213, 157, 110, 210, 156, 326, 121, 202, 304, 389, 463, 338, 279, 292, 327, 218, 88, 291, 271, 231, 294, 36, 328, 419, 13, 42, 186, 267, 50, 394, 139, 456, 196, 90, 427, 448, 69, 286, 381, 308, 387, 316, 289, 9, 195, 184]"
"102","178.45565915107727","76472.515625","80236.52526430348","[0, 74, 358, 285, 333, 249, 5, 137, 459, 262, 447, 281, 192, 223, 315, 411, 21, 284, 103, 118, 337, 234, 479, 193, 278, 99, 92, 245, 428, 130, 153, 95, 260, 322, 426, 388, 59, 420, 409, 405, 344, 58, 295, 183, 367, 431, 81, 104, 465, 124, 215, 342, 14, 54, 377, 71, 32, 393, 241, 467, 85, 115, 478, 484, 306, 443, 492, 470, 207, 385, 113, 410, 205, 485, 324, 265, 10, 131, 190, 481, 423, 27, 34, 391, 20, 356, 8, 259, 373, 347, 1, 44, 398, 450, 185, 406, 489, 250, 224, 248, 386, 175, 253, 396, 499, 203, 25, 416, 122, 274, 102, 239, 425, 252, 354, 359, 226, 155, 469, 382, 216, 283, 72, 370, 79, 23, 497, 135, 147, 417, 483, 273, 392, 244, 51, 3, 341, 143, 22, 82, 107, 280, 437, 127, 151, 442, 55, 364, 435, 395, 272, 228, 383, 496, 461, 268, 35, 480, 17, 78, 454, 97, 487, 145, 299, 37, 401, 238, 298, 70, 179, 261, 293, 407, 378, 200, 30, 165, 24, 464, 397, 301, 439, 339, 307, 91, 458, 490, 414, 80, 77, 452, 473, 41, 366, 462, 256, 162, 208, 287, 194, 474, 371, 477, 455, 62, 60, 332, 374, 144, 449, 225, 125, 498, 352, 340, 331, 353, 220, 181, 422, 412, 76, 242, 206, 201, 365, 166, 214, 177, 403, 39, 276, 180, 475, 277, 19, 488, 408, 355, 345, 163, 227, 424, 432, 494, 61, 89, 350, 436, 310, 150, 320, 188, 6, 106, 169, 198, 40, 29, 46, 446, 247, 357, 336, 57, 399, 421, 189, 148, 160, 433, 66, 158, 222, 468, 476, 56, 482, 167, 229, 154, 390, 191, 212, 149, 472, 343, 246, 126, 28, 4, 288, 369, 16, 258, 254, 182, 159, 134, 251, 255, 384, 335, 360, 120, 415, 235, 75, 64, 441, 136, 119, 33, 346, 161, 63, 84, 217, 211, 109, 305, 325, 7, 372, 368, 282, 187, 240, 438, 123, 296, 402, 164, 140, 451, 174, 275, 221, 404, 129, 199, 495, 429, 94, 83, 142, 314, 233, 243, 116, 466, 87, 264, 445, 112, 380, 330, 318, 400, 413, 172, 12, 375, 105, 263, 361, 197, 117, 290, 26, 47, 128, 43, 133, 362, 334, 311, 440, 31, 232, 48, 141, 493, 101, 486, 312, 460, 176, 49, 270, 15, 111, 491, 65, 86, 53, 302, 108, 319, 52, 93, 471, 209, 100, 266, 146, 363, 73, 300, 68, 219, 152, 351, 173, 18, 321, 323, 138, 236, 168, 170, 303, 178, 96, 2, 309, 45, 230, 453, 114, 379, 349, 98, 38, 132, 11, 329, 67, 376, 457, 317, 313, 348, 257, 418, 269, 434, 204, 430, 444, 297, 237, 171, 213, 157, 110, 210, 156, 326, 121, 202, 304, 389, 463, 338, 279, 292, 327, 218, 88, 291, 271, 231, 294, 36, 328, 419, 13, 42, 186, 267, 50, 394, 139, 456, 196, 90, 427, 448, 69, 286, 381, 308, 387, 316, 289, 9, 195, 184]"
"103","180.21182298660278","76472.515625","80124.54232742537","[0, 74, 358, 285, 333, 249, 5, 137, 459, 262, 447, 281, 192, 223, 315, 411, 21, 284, 103, 118, 337, 234, 479, 193, 278, 99, 92, 245, 428, 130, 153, 95, 260, 322, 426, 388, 59, 420, 409, 405, 344, 58, 295, 183, 367, 431, 81, 104, 465, 124, 215, 342, 14, 54, 377, 71, 32, 393, 241, 467, 85, 115, 478, 484, 306, 443, 492, 470, 207, 385, 113, 410, 205, 485, 324, 265, 10, 131, 190, 481, 423, 27, 34, 391, 20, 356, 8, 259, 373, 347, 1, 44, 398, 450, 185, 406, 489, 250, 224, 248, 386, 175, 253, 396, 499, 203, 25, 416, 122, 274, 102, 239, 425, 252, 354, 359, 226, 155, 469, 382, 216, 283, 72, 370, 79, 23, 497, 135, 147, 417, 483, 273, 392, 244, 51, 3, 341, 143, 22, 82, 107, 280, 437, 127, 151, 442, 55, 364, 435, 395, 272, 228, 383, 496, 461, 268, 35, 480, 17, 78, 454, 97, 487, 145, 299, 37, 401, 238, 298, 70, 179, 261, 293, 407, 378, 200, 30, 165, 24, 464, 397, 301, 439, 339, 307, 91, 458, 490, 414, 80, 77, 452, 473, 41, 366, 462, 256, 162, 208, 287, 194, 474, 371, 477, 455, 62, 60, 332, 374, 144, 449, 225, 125, 498, 352, 340, 331, 353, 220, 181, 422, 412, 76, 242, 206, 201, 365, 166, 214, 177, 403, 39, 276, 180, 475, 277, 19, 488, 408, 355, 345, 163, 227, 424, 432, 494, 61, 89, 350, 436, 310, 150, 320, 188, 6, 106, 169, 198, 40, 29, 46, 446, 247, 357, 336, 57, 399, 421, 189, 148, 160, 433, 66, 158, 222, 468, 476, 56, 482, 167, 229, 154, 390, 191, 212, 149, 472, 343, 246, 126, 28, 4, 288, 369, 16, 258, 254, 182, 159, 134, 251, 255, 384, 335, 360, 120, 415, 235, 75, 64, 441, 136, 119, 33, 346, 161, 63, 84, 217, 211, 109, 305, 325, 7, 372, 368, 282, 187, 240, 438, 123, 296, 402, 164, 140, 451, 174, 275, 221, 404, 129, 199, 495, 429, 94, 83, 142, 314, 233, 243, 116, 466, 87, 264, 445, 112, 380, 330, 318, 400, 413, 172, 12, 375, 105, 263, 361, 197, 117, 290, 26, 47, 128, 43, 133, 362, 334, 311, 440, 31, 232, 48, 141, 493, 101, 486, 312, 460, 176, 49, 270, 15, 111, 491, 65, 86, 53, 302, 108, 319, 52, 93, 471, 209, 100, 266, 146, 363, 73, 300, 68, 219, 152, 351, 173, 18, 321, 323, 138, 236, 168, 170, 303, 178, 96, 2, 309, 45, 230, 453, 114, 379, 349, 98, 38, 132, 11, 329, 67, 376, 457, 317, 313, 348, 257, 418, 269, 434, 204, 430, 444, 297, 237, 171, 213, 157, 110, 210, 156, 326, 121, 202, 304, 389, 463, 338, 279, 292, 327, 218, 88, 291, 271, 231, 294, 36, 328, 419, 13, 42, 186, 267, 50, 394, 139, 456, 196, 90, 427, 448, 69, 286, 381, 308, 387, 316, 289, 9, 195, 184]"
"104","181.9656538963318","76472.515625","80047.07182835821","[0, 74, 358, 285, 333, 249, 5, 137, 459, 262, 447, 281, 192, 223, 315, 411, 21, 284, 103, 118, 337, 234, 479, 193, 278, 99, 92, 245, 428, 130, 153, 95, 260, 322, 426, 388, 59, 420, 409, 405, 344, 58, 295, 183, 367, 431, 81, 104, 465, 124, 215, 342, 14, 54, 377, 71, 32, 393, 241, 467, 85, 115, 478, 484, 306, 443, 492, 470, 207, 385, 113, 410, 205, 485, 324, 265, 10, 131, 190, 481, 423, 27, 34, 391, 20, 356, 8, 259, 373, 347, 1, 44, 398, 450, 185, 406, 489, 250, 224, 248, 386, 175, 253, 396, 499, 203, 25, 416, 122, 274, 102, 239, 425, 252, 354, 359, 226, 155, 469, 382, 216, 283, 72, 370, 79, 23, 497, 135, 147, 417, 483, 273, 392, 244, 51, 3, 341, 143, 22, 82, 107, 280, 437, 127, 151, 442, 55, 364, 435, 395, 272, 228, 383, 496, 461, 268, 35, 480, 17, 78, 454, 97, 487, 145, 299, 37, 401, 238, 298, 70, 179, 261, 293, 407, 378, 200, 30, 165, 24, 464, 397, 301, 439, 339, 307, 91, 458, 490, 414, 80, 77, 452, 473, 41, 366, 462, 256, 162, 208, 287, 194, 474, 371, 477, 455, 62, 60, 332, 374, 144, 449, 225, 125, 498, 352, 340, 331, 353, 220, 181, 422, 412, 76, 242, 206, 201, 365, 166, 214, 177, 403, 39, 276, 180, 475, 277, 19, 488, 408, 355, 345, 163, 227, 424, 432, 494, 61, 89, 350, 436, 310, 150, 320, 188, 6, 106, 169, 198, 40, 29, 46, 446, 247, 357, 336, 57, 399, 421, 189, 148, 160, 433, 66, 158, 222, 468, 476, 56, 482, 167, 229, 154, 390, 191, 212, 149, 472, 343, 246, 126, 28, 4, 288, 369, 16, 258, 254, 182, 159, 134, 251, 255, 384, 335, 360, 120, 415, 235, 75, 64, 441, 136, 119, 33, 346, 161, 63, 84, 217, 211, 109, 305, 325, 7, 372, 368, 282, 187, 240, 438, 123, 296, 402, 164, 140, 451, 174, 275, 221, 404, 129, 199, 495, 429, 94, 83, 142, 314, 233, 243, 116, 466, 87, 264, 445, 112, 380, 330, 318, 400, 413, 172, 12, 375, 105, 263, 361, 197, 117, 290, 26, 47, 128, 43, 133, 362, 334, 311, 440, 31, 232, 48, 141, 493, 101, 486, 312, 460, 176, 49, 270, 15, 111, 491, 65, 86, 53, 302, 108, 319, 52, 93, 471, 209, 100, 266, 146, 363, 73, 300, 68, 219, 152, 351, 173, 18, 321, 323, 138, 236, 168, 170, 303, 178, 96, 2, 309, 45, 230, 453, 114, 379, 349, 98, 38, 132, 11, 329, 67, 376, 457, 317, 313, 348, 257, 418, 269, 434, 204, 430, 444, 297, 237, 171, 213, 157, 110, 210, 156, 326, 121, 202, 304, 389, 463, 338, 279, 292, 327, 218, 88, 291, 271, 231, 294, 36, 328, 419, 13, 42, 186, 267, 50, 394, 139, 456, 196, 90, 427, 448, 69, 286, 381, 308, 387, 316, 289, 9, 195, 184]"
"105","183.72215628623962","76472.515625","80378.20118159204","[0, 74, 358, 285, 333, 249, 5, 137, 459, 262, 447, 281, 192, 223, 315, 411, 21, 284, 103, 118, 337, 234, 479, 193, 278, 99, 92, 245, 428, 130, 153, 95, 260, 322, 426, 388, 59, 420, 409, 405, 344, 58, 295, 183, 367, 431, 81, 104, 465, 124, 215, 342, 14, 54, 377, 71, 32, 393, 241, 467, 85, 115, 478, 484, 306, 443, 492, 470, 207, 385, 113, 410, 205, 485, 324, 265, 10, 131, 190, 481, 423, 27, 34, 391, 20, 356, 8, 259, 373, 347, 1, 44, 398, 450, 185, 406, 489, 250, 224, 248, 386, 175, 253, 396, 499, 203, 25, 416, 122, 274, 102, 239, 425, 252, 354, 359, 226, 155, 469, 382, 216, 283, 72, 370, 79, 23, 497, 135, 147, 417, 483, 273, 392, 244, 51, 3, 341, 143, 22, 82, 107, 280, 437, 127, 151, 442, 55, 364, 435, 395, 272, 228, 383, 496, 461, 268, 35, 480, 17, 78, 454, 97, 487, 145, 299, 37, 401, 238, 298, 70, 179, 261, 293, 407, 378, 200, 30, 165, 24, 464, 397, 301, 439, 339, 307, 91, 458, 490, 414, 80, 77, 452, 473, 41, 366, 462, 256, 162, 208, 287, 194, 474, 371, 477, 455, 62, 60, 332, 374, 144, 449, 225, 125, 498, 352, 340, 331, 353, 220, 181, 422, 412, 76, 242, 206, 201, 365, 166, 214, 177, 403, 39, 276, 180, 475, 277, 19, 488, 408, 355, 345, 163, 227, 424, 432, 494, 61, 89, 350, 436, 310, 150, 320, 188, 6, 106, 169, 198, 40, 29, 46, 446, 247, 357, 336, 57, 399, 421, 189, 148, 160, 433, 66, 158, 222, 468, 476, 56, 482, 167, 229, 154, 390, 191, 212, 149, 472, 343, 246, 126, 28, 4, 288, 369, 16, 258, 254, 182, 159, 134, 251, 255, 384, 335, 360, 120, 415, 235, 75, 64, 441, 136, 119, 33, 346, 161, 63, 84, 217, 211, 109, 305, 325, 7, 372, 368, 282, 187, 240, 438, 123, 296, 402, 164, 140, 451, 174, 275, 221, 404, 129, 199, 495, 429, 94, 83, 142, 314, 233, 243, 116, 466, 87, 264, 445, 112, 380, 330, 318, 400, 413, 172, 12, 375, 105, 263, 361, 197, 117, 290, 26, 47, 128, 43, 133, 362, 334, 311, 440, 31, 232, 48, 141, 493, 101, 486, 312, 460, 176, 49, 270, 15, 111, 491, 65, 86, 53, 302, 108, 319, 52, 93, 471, 209, 100, 266, 146, 363, 73, 300, 68, 219, 152, 351, 173, 18, 321, 323, 138, 236, 168, 170, 303, 178, 96, 2, 309, 45, 230, 453, 114, 379, 349, 98, 38, 132, 11, 329, 67, 376, 457, 317, 313, 348, 257, 418, 269, 434, 204, 430, 444, 297, 237, 171, 213, 157, 110, 210, 156, 326, 121, 202, 304, 389, 463, 338, 279, 292, 327, 218, 88, 291, 271, 231, 294, 36, 328, 419, 13, 42, 186, 267, 50, 394, 139, 456, 196, 90, 427, 448, 69, 286, 381, 308, 387, 316, 289, 9, 195, 184]"
"106","185.4811189174652","76472.515625","80258.47077114428","[0, 74, 358, 285, 333, 249, 5, 137, 459, 262, 447, 281, 192, 223, 315, 411, 21, 284, 103, 118, 337, 234, 479, 193, 278, 99, 92, 245, 428, 130, 153, 95, 260, 322, 426, 388, 59, 420, 409, 405, 344, 58, 295, 183, 367, 431, 81, 104, 465, 124, 215, 342, 14, 54, 377, 71, 32, 393, 241, 467, 85, 115, 478, 484, 306, 443, 492, 470, 207, 385, 113, 410, 205, 485, 324, 265, 10, 131, 190, 481, 423, 27, 34, 391, 20, 356, 8, 259, 373, 347, 1, 44, 398, 450, 185, 406, 489, 250, 224, 248, 386, 175, 253, 396, 499, 203, 25, 416, 122, 274, 102, 239, 425, 252, 354, 359, 226, 155, 469, 382, 216, 283, 72, 370, 79, 23, 497, 135, 147, 417, 483, 273, 392, 244, 51, 3, 341, 143, 22, 82, 107, 280, 437, 127, 151, 442, 55, 364, 435, 395, 272, 228, 383, 496, 461, 268, 35, 480, 17, 78, 454, 97, 487, 145, 299, 37, 401, 238, 298, 70, 179, 261, 293, 407, 378, 200, 30, 165, 24, 464, 397, 301, 439, 339, 307, 91, 458, 490, 414, 80, 77, 452, 473, 41, 366, 462, 256, 162, 208, 287, 194, 474, 371, 477, 455, 62, 60, 332, 374, 144, 449, 225, 125, 498, 352, 340, 331, 353, 220, 181, 422, 412, 76, 242, 206, 201, 365, 166, 214, 177, 403, 39, 276, 180, 475, 277, 19, 488, 408, 355, 345, 163, 227, 424, 432, 494, 61, 89, 350, 436, 310, 150, 320, 188, 6, 106, 169, 198, 40, 29, 46, 446, 247, 357, 336, 57, 399, 421, 189, 148, 160, 433, 66, 158, 222, 468, 476, 56, 482, 167, 229, 154, 390, 191, 212, 149, 472, 343, 246, 126, 28, 4, 288, 369, 16, 258, 254, 182, 159, 134, 251, 255, 384, 335, 360, 120, 415, 235, 75, 64, 441, 136, 119, 33, 346, 161, 63, 84, 217, 211, 109, 305, 325, 7, 372, 368, 282, 187, 240, 438, 123, 296, 402, 164, 140, 451, 174, 275, 221, 404, 129, 199, 495, 429, 94, 83, 142, 314, 233, 243, 116, 466, 87, 264, 445, 112, 380, 330, 318, 400, 413, 172, 12, 375, 105, 263, 361, 197, 117, 290, 26, 47, 128, 43, 133, 362, 334, 311, 440, 31, 232, 48, 141, 493, 101, 486, 312, 460, 176, 49, 270, 15, 111, 491, 65, 86, 53, 302, 108, 319, 52, 93, 471, 209, 100, 266, 146, 363, 73, 300, 68, 219, 152, 351, 173, 18, 321, 323, 138, 236, 168, 170, 303, 178, 96, 2, 309, 45, 230, 453, 114, 379, 349, 98, 38, 132, 11, 329, 67, 376, 457, 317, 313, 348, 257, 418, 269, 434, 204, 430, 444, 297, 237, 171, 213, 157, 110, 210, 156, 326, 121, 202, 304, 389, 463, 338, 279, 292, 327, 218, 88, 291, 271, 231, 294, 36, 328, 419, 13, 42, 186, 267, 50, 394, 139, 456, 196, 90, 427, 448, 69, 286, 381, 308, 387, 316, 289, 9, 195, 184]"
"107","187.24071884155273","76472.515625","80334.08170087065","[0, 74, 358, 285, 333, 249, 5, 137, 459, 262, 447, 281, 192, 223, 315, 411, 21, 284, 103, 118, 337, 234, 479, 193, 278, 99, 92, 245, 428, 130, 153, 95, 260, 322, 426, 388, 59, 420, 409, 405, 344, 58, 295, 183, 367, 431, 81, 104, 465, 124, 215, 342, 14, 54, 377, 71, 32, 393, 241, 467, 85, 115, 478, 484, 306, 443, 492, 470, 207, 385, 113, 410, 205, 485, 324, 265, 10, 131, 190, 481, 423, 27, 34, 391, 20, 356, 8, 259, 373, 347, 1, 44, 398, 450, 185, 406, 489, 250, 224, 248, 386, 175, 253, 396, 499, 203, 25, 416, 122, 274, 102, 239, 425, 252, 354, 359, 226, 155, 469, 382, 216, 283, 72, 370, 79, 23, 497, 135, 147, 417, 483, 273, 392, 244, 51, 3, 341, 143, 22, 82, 107, 280, 437, 127, 151, 442, 55, 364, 435, 395, 272, 228, 383, 496, 461, 268, 35, 480, 17, 78, 454, 97, 487, 145, 299, 37, 401, 238, 298, 70, 179, 261, 293, 407, 378, 200, 30, 165, 24, 464, 397, 301, 439, 339, 307, 91, 458, 490, 414, 80, 77, 452, 473, 41, 366, 462, 256, 162, 208, 287, 194, 474, 371, 477, 455, 62, 60, 332, 374, 144, 449, 225, 125, 498, 352, 340, 331, 353, 220, 181, 422, 412, 76, 242, 206, 201, 365, 166, 214, 177, 403, 39, 276, 180, 475, 277, 19, 488, 408, 355, 345, 163, 227, 424, 432, 494, 61, 89, 350, 436, 310, 150, 320, 188, 6, 106, 169, 198, 40, 29, 46, 446, 247, 357, 336, 57, 399, 421, 189, 148, 160, 433, 66, 158, 222, 468, 476, 56, 482, 167, 229, 154, 390, 191, 212, 149, 472, 343, 246, 126, 28, 4, 288, 369, 16, 258, 254, 182, 159, 134, 251, 255, 384, 335, 360, 120, 415, 235, 75, 64, 441, 136, 119, 33, 346, 161, 63, 84, 217, 211, 109, 305, 325, 7, 372, 368, 282, 187, 240, 438, 123, 296, 402, 164, 140, 451, 174, 275, 221, 404, 129, 199, 495, 429, 94, 83, 142, 314, 233, 243, 116, 466, 87, 264, 445, 112, 380, 330, 318, 400, 413, 172, 12, 375, 105, 263, 361, 197, 117, 290, 26, 47, 128, 43, 133, 362, 334, 311, 440, 31, 232, 48, 141, 493, 101, 486, 312, 460, 176, 49, 270, 15, 111, 491, 65, 86, 53, 302, 108, 319, 52, 93, 471, 209, 100, 266, 146, 363, 73, 300, 68, 219, 152, 351, 173, 18, 321, 323, 138, 236, 168, 170, 303, 178, 96, 2, 309, 45, 230, 453, 114, 379, 349, 98, 38, 132, 11, 329, 67, 376, 457, 317, 313, 348, 257, 418, 269, 434, 204, 430, 444, 297, 237, 171, 213, 157, 110, 210, 156, 326, 121, 202, 304, 389, 463, 338, 279, 292, 327, 218, 88, 291, 271, 231, 294, 36, 328, 419, 13, 42, 186, 267, 50, 394, 139, 456, 196, 90, 427, 448, 69, 286, 381, 308, 387, 316, 289, 9, 195, 184]"
"108","189.00224471092224","76472.515625","80727.80503731343","[0, 74, 358, 285, 333, 249, 5, 137, 459, 262, 447, 281, 192, 223, 315, 411, 21, 284, 103, 118, 337, 234, 479, 193, 278, 99, 92, 245, 428, 130, 153, 95, 260, 322, 426, 388, 59, 420, 409, 405, 344, 58, 295, 183, 367, 431, 81, 104, 465, 124, 215, 342, 14, 54, 377, 71, 32, 393, 241, 467, 85, 115, 478, 484, 306, 443, 492, 470, 207, 385, 113, 410, 205, 485, 324, 265, 10, 131, 190, 481, 423, 27, 34, 391, 20, 356, 8, 259, 373, 347, 1, 44, 398, 450, 185, 406, 489, 250, 224, 248, 386, 175, 253, 396, 499, 203, 25, 416, 122, 274, 102, 239, 425, 252, 354, 359, 226, 155, 469, 382, 216, 283, 72, 370, 79, 23, 497, 135, 147, 417, 483, 273, 392, 244, 51, 3, 341, 143, 22, 82, 107, 280, 437, 127, 151, 442, 55, 364, 435, 395, 272, 228, 383, 496, 461, 268, 35, 480, 17, 78, 454, 97, 487, 145, 299, 37, 401, 238, 298, 70, 179, 261, 293, 407, 378, 200, 30, 165, 24, 464, 397, 301, 439, 339, 307, 91, 458, 490, 414, 80, 77, 452, 473, 41, 366, 462, 256, 162, 208, 287, 194, 474, 371, 477, 455, 62, 60, 332, 374, 144, 449, 225, 125, 498, 352, 340, 331, 353, 220, 181, 422, 412, 76, 242, 206, 201, 365, 166, 214, 177, 403, 39, 276, 180, 475, 277, 19, 488, 408, 355, 345, 163, 227, 424, 432, 494, 61, 89, 350, 436, 310, 150, 320, 188, 6, 106, 169, 198, 40, 29, 46, 446, 247, 357, 336, 57, 399, 421, 189, 148, 160, 433, 66, 158, 222, 468, 476, 56, 482, 167, 229, 154, 390, 191, 212, 149, 472, 343, 246, 126, 28, 4, 288, 369, 16, 258, 254, 182, 159, 134, 251, 255, 384, 335, 360, 120, 415, 235, 75, 64, 441, 136, 119, 33, 346, 161, 63, 84, 217, 211, 109, 305, 325, 7, 372, 368, 282, 187, 240, 438, 123, 296, 402, 164, 140, 451, 174, 275, 221, 404, 129, 199, 495, 429, 94, 83, 142, 314, 233, 243, 116, 466, 87, 264, 445, 112, 380, 330, 318, 400, 413, 172, 12, 375, 105, 263, 361, 197, 117, 290, 26, 47, 128, 43, 133, 362, 334, 311, 440, 31, 232, 48, 141, 493, 101, 486, 312, 460, 176, 49, 270, 15, 111, 491, 65, 86, 53, 302, 108, 319, 52, 93, 471, 209, 100, 266, 146, 363, 73, 300, 68, 219, 152, 351, 173, 18, 321, 323, 138, 236, 168, 170, 303, 178, 96, 2, 309, 45, 230, 453, 114, 379, 349, 98, 38, 132, 11, 329, 67, 376, 457, 317, 313, 348, 257, 418, 269, 434, 204, 430, 444, 297, 237, 171, 213, 157, 110, 210, 156, 326, 121, 202, 304, 389, 463, 338, 279, 292, 327, 218, 88, 291, 271, 231, 294, 36, 328, 419, 13, 42, 186, 267, 50, 394, 139, 456, 196, 90, 427, 448, 69, 286, 381, 308, 387, 316, 289, 9, 195, 184]"
"109","190.76575374603271","76472.515625","80765.55756374379","[0, 74, 358, 285, 333, 249, 5, 137, 459, 262, 447, 281, 192, 223, 315, 411, 21, 284, 103, 118, 337, 234, 479, 193, 278, 99, 92, 245, 428, 130, 153, 95, 260, 322, 426, 388, 59, 420, 409, 405, 344, 58, 295, 183, 367, 431, 81, 104, 465, 124, 215, 342, 14, 54, 377, 71, 32, 393, 241, 467, 85, 115, 478, 484, 306, 443, 492, 470, 207, 385, 113, 410, 205, 485, 324, 265, 10, 131, 190, 481, 423, 27, 34, 391, 20, 356, 8, 259, 373, 347, 1, 44, 398, 450, 185, 406, 489, 250, 224, 248, 386, 175, 253, 396, 499, 203, 25, 416, 122, 274, 102, 239, 425, 252, 354, 359, 226, 155, 469, 382, 216, 283, 72, 370, 79, 23, 497, 135, 147, 417, 483, 273, 392, 244, 51, 3, 341, 143, 22, 82, 107, 280, 437, 127, 151, 442, 55, 364, 435, 395, 272, 228, 383, 496, 461, 268, 35, 480, 17, 78, 454, 97, 487, 145, 299, 37, 401, 238, 298, 70, 179, 261, 293, 407, 378, 200, 30, 165, 24, 464, 397, 301, 439, 339, 307, 91, 458, 490, 414, 80, 77, 452, 473, 41, 366, 462, 256, 162, 208, 287, 194, 474, 371, 477, 455, 62, 60, 332, 374, 144, 449, 225, 125, 498, 352, 340, 331, 353, 220, 181, 422, 412, 76, 242, 206, 201, 365, 166, 214, 177, 403, 39, 276, 180, 475, 277, 19, 488, 408, 355, 345, 163, 227, 424, 432, 494, 61, 89, 350, 436, 310, 150, 320, 188, 6, 106, 169, 198, 40, 29, 46, 446, 247, 357, 336, 57, 399, 421, 189, 148, 160, 433, 66, 158, 222, 468, 476, 56, 482, 167, 229, 154, 390, 191, 212, 149, 472, 343, 246, 126, 28, 4, 288, 369, 16, 258, 254, 182, 159, 134, 251, 255, 384, 335, 360, 120, 415, 235, 75, 64, 441, 136, 119, 33, 346, 161, 63, 84, 217, 211, 109, 305, 325, 7, 372, 368, 282, 187, 240, 438, 123, 296, 402, 164, 140, 451, 174, 275, 221, 404, 129, 199, 495, 429, 94, 83, 142, 314, 233, 243, 116, 466, 87, 264, 445, 112, 380, 330, 318, 400, 413, 172, 12, 375, 105, 263, 361, 197, 117, 290, 26, 47, 128, 43, 133, 362, 334, 311, 440, 31, 232, 48, 141, 493, 101, 486, 312, 460, 176, 49, 270, 15, 111, 491, 65, 86, 53, 302, 108, 319, 52, 93, 471, 209, 100, 266, 146, 363, 73, 300, 68, 219, 152, 351, 173, 18, 321, 323, 138, 236, 168, 170, 303, 178, 96, 2, 309, 45, 230, 453, 114, 379, 349, 98, 38, 132, 11, 329, 67, 376, 457, 317, 313, 348, 257, 418, 269, 434, 204, 430, 444, 297, 237, 171, 213, 157, 110, 210, 156, 326, 121, 202, 304, 389, 463, 338, 279, 292, 327, 218, 88, 291, 271, 231, 294, 36, 328, 419, 13, 42, 186, 267, 50, 394, 139, 456, 196, 90, 427, 448, 69, 286, 381, 308, 387, 316, 289, 9, 195, 184]"
"110","192.53001236915588","76472.515625","80705.80752487562","[0, 74, 358, 285, 333, 249, 5, 137, 459, 262, 447, 281, 192, 223, 315, 411, 21, 284, 103, 118, 337, 234, 479, 193, 278, 99, 92, 245, 428, 130, 153, 95, 260, 322, 426, 388, 59, 420, 409, 405, 344, 58, 295, 183, 367, 431, 81, 104, 465, 124, 215, 342, 14, 54, 377, 71, 32, 393, 241, 467, 85, 115, 478, 484, 306, 443, 492, 470, 207, 385, 113, 410, 205, 485, 324, 265, 10, 131, 190, 481, 423, 27, 34, 391, 20, 356, 8, 259, 373, 347, 1, 44, 398, 450, 185, 406, 489, 250, 224, 248, 386, 175, 253, 396, 499, 203, 25, 416, 122, 274, 102, 239, 425, 252, 354, 359, 226, 155, 469, 382, 216, 283, 72, 370, 79, 23, 497, 135, 147, 417, 483, 273, 392, 244, 51, 3, 341, 143, 22, 82, 107, 280, 437, 127, 151, 442, 55, 364, 435, 395, 272, 228, 383, 496, 461, 268, 35, 480, 17, 78, 454, 97, 487, 145, 299, 37, 401, 238, 298, 70, 179, 261, 293, 407, 378, 200, 30, 165, 24, 464, 397, 301, 439, 339, 307, 91, 458, 490, 414, 80, 77, 452, 473, 41, 366, 462, 256, 162, 208, 287, 194, 474, 371, 477, 455, 62, 60, 332, 374, 144, 449, 225, 125, 498, 352, 340, 331, 353, 220, 181, 422, 412, 76, 242, 206, 201, 365, 166, 214, 177, 403, 39, 276, 180, 475, 277, 19, 488, 408, 355, 345, 163, 227, 424, 432, 494, 61, 89, 350, 436, 310, 150, 320, 188, 6, 106, 169, 198, 40, 29, 46, 446, 247, 357, 336, 57, 399, 421, 189, 148, 160, 433, 66, 158, 222, 468, 476, 56, 482, 167, 229, 154, 390, 191, 212, 149, 472, 343, 246, 126, 28, 4, 288, 369, 16, 258, 254, 182, 159, 134, 251, 255, 384, 335, 360, 120, 415, 235, 75, 64, 441, 136, 119, 33, 346, 161, 63, 84, 217, 211, 109, 305, 325, 7, 372, 368, 282, 187, 240, 438, 123, 296, 402, 164, 140, 451, 174, 275, 221, 404, 129, 199, 495, 429, 94, 83, 142, 314, 233, 243, 116, 466, 87, 264, 445, 112, 380, 330, 318, 400, 413, 172, 12, 375, 105, 263, 361, 197, 117, 290, 26, 47, 128, 43, 133, 362, 334, 311, 440, 31, 232, 48, 141, 493, 101, 486, 312, 460, 176, 49, 270, 15, 111, 491, 65, 86, 53, 302, 108, 319, 52, 93, 471, 209, 100, 266, 146, 363, 73, 300, 68, 219, 152, 351, 173, 18, 321, 323, 138, 236, 168, 170, 303, 178, 96, 2, 309, 45, 230, 453, 114, 379, 349, 98, 38, 132, 11, 329, 67, 376, 457, 317, 313, 348, 257, 418, 269, 434, 204, 430, 444, 297, 237, 171, 213, 157, 110, 210, 156, 326, 121, 202, 304, 389, 463, 338, 279, 292, 327, 218, 88, 291, 271, 231, 294, 36, 328, 419, 13, 42, 186, 267, 50, 394, 139, 456, 196, 90, 427, 448, 69, 286, 381, 308, 387, 316, 289, 9, 195, 184]"
"111","194.28837203979492","76472.515625","80670.08092350746","[0, 74, 358, 285, 333, 249, 5, 137, 459, 262, 447, 281, 192, 223, 315, 411, 21, 284, 103, 118, 337, 234, 479, 193, 278, 99, 92, 245, 428, 130, 153, 95, 260, 322, 426, 388, 59, 420, 409, 405, 344, 58, 295, 183, 367, 431, 81, 104, 465, 124, 215, 342, 14, 54, 377, 71, 32, 393, 241, 467, 85, 115, 478, 484, 306, 443, 492, 470, 207, 385, 113, 410, 205, 485, 324, 265, 10, 131, 190, 481, 423, 27, 34, 391, 20, 356, 8, 259, 373, 347, 1, 44, 398, 450, 185, 406, 489, 250, 224, 248, 386, 175, 253, 396, 499, 203, 25, 416, 122, 274, 102, 239, 425, 252, 354, 359, 226, 155, 469, 382, 216, 283, 72, 370, 79, 23, 497, 135, 147, 417, 483, 273, 392, 244, 51, 3, 341, 143, 22, 82, 107, 280, 437, 127, 151, 442, 55, 364, 435, 395, 272, 228, 383, 496, 461, 268, 35, 480, 17, 78, 454, 97, 487, 145, 299, 37, 401, 238, 298, 70, 179, 261, 293, 407, 378, 200, 30, 165, 24, 464, 397, 301, 439, 339, 307, 91, 458, 490, 414, 80, 77, 452, 473, 41, 366, 462, 256, 162, 208, 287, 194, 474, 371, 477, 455, 62, 60, 332, 374, 144, 449, 225, 125, 498, 352, 340, 331, 353, 220, 181, 422, 412, 76, 242, 206, 201, 365, 166, 214, 177, 403, 39, 276, 180, 475, 277, 19, 488, 408, 355, 345, 163, 227, 424, 432, 494, 61, 89, 350, 436, 310, 150, 320, 188, 6, 106, 169, 198, 40, 29, 46, 446, 247, 357, 336, 57, 399, 421, 189, 148, 160, 433, 66, 158, 222, 468, 476, 56, 482, 167, 229, 154, 390, 191, 212, 149, 472, 343, 246, 126, 28, 4, 288, 369, 16, 258, 254, 182, 159, 134, 251, 255, 384, 335, 360, 120, 415, 235, 75, 64, 441, 136, 119, 33, 346, 161, 63, 84, 217, 211, 109, 305, 325, 7, 372, 368, 282, 187, 240, 438, 123, 296, 402, 164, 140, 451, 174, 275, 221, 404, 129, 199, 495, 429, 94, 83, 142, 314, 233, 243, 116, 466, 87, 264, 445, 112, 380, 330, 318, 400, 413, 172, 12, 375, 105, 263, 361, 197, 117, 290, 26, 47, 128, 43, 133, 362, 334, 311, 440, 31, 232, 48, 141, 493, 101, 486, 312, 460, 176, 49, 270, 15, 111, 491, 65, 86, 53, 302, 108, 319, 52, 93, 471, 209, 100, 266, 146, 363, 73, 300, 68, 219, 152, 351, 173, 18, 321, 323, 138, 236, 168, 170, 303, 178, 96, 2, 309, 45, 230, 453, 114, 379, 349, 98, 38, 132, 11, 329, 67, 376, 457, 317, 313, 348, 257, 418, 269, 434, 204, 430, 444, 297, 237, 171, 213, 157, 110, 210, 156, 326, 121, 202, 304, 389, 463, 338, 279, 292, 327, 218, 88, 291, 271, 231, 294, 36, 328, 419, 13, 42, 186, 267, 50, 394, 139, 456, 196, 90, 427, 448, 69, 286, 381, 308, 387, 316, 289, 9, 195, 184]"
"112","196.051189661026","76472.515625","80659.71529073383","[0, 74, 358, 285, 333, 249, 5, 137, 459, 262, 447, 281, 192, 223, 315, 411, 21, 284, 103, 118, 337, 234, 479, 193, 278, 99, 92, 245, 428, 130, 153, 95, 260, 322, 426, 388, 59, 420, 409, 405, 344, 58, 295, 183, 367, 431, 81, 104, 465, 124, 215, 342, 14, 54, 377, 71, 32, 393, 241, 467, 85, 115, 478, 484, 306, 443, 492, 470, 207, 385, 113, 410, 205, 485, 324, 265, 10, 131, 190, 481, 423, 27, 34, 391, 20, 356, 8, 259, 373, 347, 1, 44, 398, 450, 185, 406, 489, 250, 224, 248, 386, 175, 253, 396, 499, 203, 25, 416, 122, 274, 102, 239, 425, 252, 354, 359, 226, 155, 469, 382, 216, 283, 72, 370, 79, 23, 497, 135, 147, 417, 483, 273, 392, 244, 51, 3, 341, 143, 22, 82, 107, 280, 437, 127, 151, 442, 55, 364, 435, 395, 272, 228, 383, 496, 461, 268, 35, 480, 17, 78, 454, 97, 487, 145, 299, 37, 401, 238, 298, 70, 179, 261, 293, 407, 378, 200, 30, 165, 24, 464, 397, 301, 439, 339, 307, 91, 458, 490, 414, 80, 77, 452, 473, 41, 366, 462, 256, 162, 208, 287, 194, 474, 371, 477, 455, 62, 60, 332, 374, 144, 449, 225, 125, 498, 352, 340, 331, 353, 220, 181, 422, 412, 76, 242, 206, 201, 365, 166, 214, 177, 403, 39, 276, 180, 475, 277, 19, 488, 408, 355, 345, 163, 227, 424, 432, 494, 61, 89, 350, 436, 310, 150, 320, 188, 6, 106, 169, 198, 40, 29, 46, 446, 247, 357, 336, 57, 399, 421, 189, 148, 160, 433, 66, 158, 222, 468, 476, 56, 482, 167, 229, 154, 390, 191, 212, 149, 472, 343, 246, 126, 28, 4, 288, 369, 16, 258, 254, 182, 159, 134, 251, 255, 384, 335, 360, 120, 415, 235, 75, 64, 441, 136, 119, 33, 346, 161, 63, 84, 217, 211, 109, 305, 325, 7, 372, 368, 282, 187, 240, 438, 123, 296, 402, 164, 140, 451, 174, 275, 221, 404, 129, 199, 495, 429, 94, 83, 142, 314, 233, 243, 116, 466, 87, 264, 445, 112, 380, 330, 318, 400, 413, 172, 12, 375, 105, 263, 361, 197, 117, 290, 26, 47, 128, 43, 133, 362, 334, 311, 440, 31, 232, 48, 141, 493, 101, 486, 312, 460, 176, 49, 270, 15, 111, 491, 65, 86, 53, 302, 108, 319, 52, 93, 471, 209, 100, 266, 146, 363, 73, 300, 68, 219, 152, 351, 173, 18, 321, 323, 138, 236, 168, 170, 303, 178, 96, 2, 309, 45, 230, 453, 114, 379, 349, 98, 38, 132, 11, 329, 67, 376, 457, 317, 313, 348, 257, 418, 269, 434, 204, 430, 444, 297, 237, 171, 213, 157, 110, 210, 156, 326, 121, 202, 304, 389, 463, 338, 279, 292, 327, 218, 88, 291, 271, 231, 294, 36, 328, 419, 13, 42, 186, 267, 50, 394, 139, 456, 196, 90, 427, 448, 69, 286, 381, 308, 387, 316, 289, 9, 195, 184]"
"113","197.82975268363953","76472.328125","80520.94659514926","[0, 74, 358, 285, 333, 249, 5, 137, 459, 262, 447, 281, 192, 223, 315, 411, 21, 284, 103, 118, 337, 234, 479, 193, 278, 99, 92, 245, 428, 130, 153, 95, 260, 322, 426, 388, 59, 420, 409, 405, 344, 58, 295, 183, 367, 431, 81, 104, 465, 124, 215, 342, 14, 54, 377, 71, 32, 393, 241, 467, 85, 115, 478, 484, 306, 443, 492, 470, 207, 385, 113, 410, 205, 485, 324, 265, 10, 131, 190, 481, 423, 27, 34, 391, 20, 356, 8, 259, 373, 347, 1, 44, 398, 450, 185, 406, 489, 250, 224, 248, 386, 175, 253, 396, 499, 203, 25, 416, 122, 274, 102, 239, 425, 252, 354, 359, 226, 155, 469, 382, 216, 283, 72, 370, 79, 23, 497, 135, 147, 417, 483, 273, 392, 244, 51, 3, 341, 143, 22, 82, 107, 280, 437, 127, 151, 442, 55, 364, 435, 395, 272, 228, 383, 496, 461, 268, 35, 480, 17, 78, 454, 97, 487, 145, 299, 37, 401, 238, 298, 70, 179, 261, 293, 407, 378, 200, 30, 165, 24, 464, 397, 301, 439, 339, 307, 91, 458, 490, 414, 80, 77, 452, 473, 41, 366, 462, 256, 162, 208, 287, 194, 474, 371, 477, 455, 62, 60, 332, 374, 144, 449, 225, 125, 498, 352, 340, 331, 353, 220, 181, 422, 412, 76, 242, 206, 201, 365, 166, 214, 177, 403, 39, 276, 180, 475, 277, 19, 488, 408, 355, 345, 163, 227, 424, 432, 494, 61, 89, 350, 436, 310, 150, 320, 188, 6, 106, 169, 198, 40, 29, 46, 446, 247, 357, 336, 57, 399, 421, 189, 148, 160, 433, 66, 158, 222, 468, 476, 56, 482, 167, 229, 154, 390, 191, 212, 149, 472, 343, 246, 126, 28, 4, 288, 369, 16, 258, 254, 182, 159, 134, 251, 255, 384, 335, 360, 120, 415, 235, 75, 64, 441, 136, 119, 33, 346, 161, 63, 84, 217, 211, 109, 305, 325, 7, 372, 368, 282, 187, 240, 438, 123, 296, 402, 164, 140, 451, 174, 275, 221, 404, 129, 199, 495, 429, 94, 83, 142, 314, 233, 243, 116, 466, 87, 264, 445, 112, 380, 330, 318, 400, 413, 172, 12, 375, 105, 263, 361, 197, 117, 290, 26, 47, 128, 43, 133, 362, 334, 311, 440, 31, 232, 48, 141, 493, 101, 486, 312, 460, 176, 49, 270, 15, 111, 491, 65, 86, 53, 302, 108, 319, 93, 52, 471, 209, 100, 266, 146, 363, 73, 300, 68, 219, 152, 351, 173, 18, 321, 323, 138, 236, 168, 170, 303, 178, 96, 2, 309, 45, 230, 453, 114, 379, 349, 98, 38, 132, 11, 329, 67, 376, 457, 317, 313, 348, 257, 418, 269, 434, 204, 430, 444, 297, 237, 171, 213, 157, 110, 210, 156, 326, 121, 202, 304, 389, 463, 338, 279, 292, 327, 218, 88, 291, 271, 231, 294, 36, 328, 419, 13, 42, 186, 267, 50, 394, 139, 456, 196, 90, 427, 448, 69, 286, 381, 308, 387, 316, 289, 9, 195, 184]"
"114","199.58937621116638","76472.328125","80567.6108131219","[0, 74, 358, 285, 333, 249, 5, 137, 459, 262, 447, 281, 192, 223, 315, 411, 21, 284, 103, 118, 337, 234, 479, 193, 278, 99, 92, 245, 428, 130, 153, 95, 260, 322, 426, 388, 59, 420, 409, 405, 344, 58, 295, 183, 367, 431, 81, 104, 465, 124, 215, 342, 14, 54, 377, 71, 32, 393, 241, 467, 85, 115, 478, 484, 306, 443, 492, 470, 207, 385, 113, 410, 205, 485, 324, 265, 10, 131, 190, 481, 423, 27, 34, 391, 20, 356, 8, 259, 373, 347, 1, 44, 398, 450, 185, 406, 489, 250, 224, 248, 386, 175, 253, 396, 499, 203, 25, 416, 122, 274, 102, 239, 425, 252, 354, 359, 226, 155, 469, 382, 216, 283, 72, 370, 79, 23, 497, 135, 147, 417, 483, 273, 392, 244, 51, 3, 341, 143, 22, 82, 107, 280, 437, 127, 151, 442, 55, 364, 435, 395, 272, 228, 383, 496, 461, 268, 35, 480, 17, 78, 454, 97, 487, 145, 299, 37, 401, 238, 298, 70, 179, 261, 293, 407, 378, 200, 30, 165, 24, 464, 397, 301, 439, 339, 307, 91, 458, 490, 414, 80, 77, 452, 473, 41, 366, 462, 256, 162, 208, 287, 194, 474, 371, 477, 455, 62, 60, 332, 374, 144, 449, 225, 125, 498, 352, 340, 331, 353, 220, 181, 422, 412, 76, 242, 206, 201, 365, 166, 214, 177, 403, 39, 276, 180, 475, 277, 19, 488, 408, 355, 345, 163, 227, 424, 432, 494, 61, 89, 350, 436, 310, 150, 320, 188, 6, 106, 169, 198, 40, 29, 46, 446, 247, 357, 336, 57, 399, 421, 189, 148, 160, 433, 66, 158, 222, 468, 476, 56, 482, 167, 229, 154, 390, 191, 212, 149, 472, 343, 246, 126, 28, 4, 288, 369, 16, 258, 254, 182, 159, 134, 251, 255, 384, 335, 360, 120, 415, 235, 75, 64, 441, 136, 119, 33, 346, 161, 63, 84, 217, 211, 109, 305, 325, 7, 372, 368, 282, 187, 240, 438, 123, 296, 402, 164, 140, 451, 174, 275, 221, 404, 129, 199, 495, 429, 94, 83, 142, 314, 233, 243, 116, 466, 87, 264, 445, 112, 380, 330, 318, 400, 413, 172, 12, 375, 105, 263, 361, 197, 117, 290, 26, 47, 128, 43, 133, 362, 334, 311, 440, 31, 232, 48, 141, 493, 101, 486, 312, 460, 176, 49, 270, 15, 111, 491, 65, 86, 53, 302, 108, 319, 93, 52, 471, 209, 100, 266, 146, 363, 73, 300, 68, 219, 152, 351, 173, 18, 321, 323, 138, 236, 168, 170, 303, 178, 96, 2, 309, 45, 230, 453, 114, 379, 349, 98, 38, 132, 11, 329, 67, 376, 457, 317, 313, 348, 257, 418, 269, 434, 204, 430, 444, 297, 237, 171, 213, 157, 110, 210, 156, 326, 121, 202, 304, 389, 463, 338, 279, 292, 327, 218, 88, 291, 271, 231, 294, 36, 328, 419, 13, 42, 186, 267, 50, 394, 139, 456, 196, 90, 427, 448, 69, 286, 381, 308, 387, 316, 289, 9, 195, 184]"
"115","201.35173511505127","76472.328125","80501.43524564676","[0, 74, 358, 285, 333, 249, 5, 137, 459, 262, 447, 281, 192, 223, 315, 411, 21, 284, 103, 118, 337, 234, 479, 193, 278, 99, 92, 245, 428, 130, 153, 95, 260, 322, 426, 388, 59, 420, 409, 405, 344, 58, 295, 183, 367, 431, 81, 104, 465, 124, 215, 342, 14, 54, 377, 71, 32, 393, 241, 467, 85, 115, 478, 484, 306, 443, 492, 470, 207, 385, 113, 410, 205, 485, 324, 265, 10, 131, 190, 481, 423, 27, 34, 391, 20, 356, 8, 259, 373, 347, 1, 44, 398, 450, 185, 406, 489, 250, 224, 248, 386, 175, 253, 396, 499, 203, 25, 416, 122, 274, 102, 239, 425, 252, 354, 359, 226, 155, 469, 382, 216, 283, 72, 370, 79, 23, 497, 135, 147, 417, 483, 273, 392, 244, 51, 3, 341, 143, 22, 82, 107, 280, 437, 127, 151, 442, 55, 364, 435, 395, 272, 228, 383, 496, 461, 268, 35, 480, 17, 78, 454, 97, 487, 145, 299, 37, 401, 238, 298, 70, 179, 261, 293, 407, 378, 200, 30, 165, 24, 464, 397, 301, 439, 339, 307, 91, 458, 490, 414, 80, 77, 452, 473, 41, 366, 462, 256, 162, 208, 287, 194, 474, 371, 477, 455, 62, 60, 332, 374, 144, 449, 225, 125, 498, 352, 340, 331, 353, 220, 181, 422, 412, 76, 242, 206, 201, 365, 166, 214, 177, 403, 39, 276, 180, 475, 277, 19, 488, 408, 355, 345, 163, 227, 424, 432, 494, 61, 89, 350, 436, 310, 150, 320, 188, 6, 106, 169, 198, 40, 29, 46, 446, 247, 357, 336, 57, 399, 421, 189, 148, 160, 433, 66, 158, 222, 468, 476, 56, 482, 167, 229, 154, 390, 191, 212, 149, 472, 343, 246, 126, 28, 4, 288, 369, 16, 258, 254, 182, 159, 134, 251, 255, 384, 335, 360, 120, 415, 235, 75, 64, 441, 136, 119, 33, 346, 161, 63, 84, 217, 211, 109, 305, 325, 7, 372, 368, 282, 187, 240, 438, 123, 296, 402, 164, 140, 451, 174, 275, 221, 404, 129, 199, 495, 429, 94, 83, 142, 314, 233, 243, 116, 466, 87, 264, 445, 112, 380, 330, 318, 400, 413, 172, 12, 375, 105, 263, 361, 197, 117, 290, 26, 47, 128, 43, 133, 362, 334, 311, 440, 31, 232, 48, 141, 493, 101, 486, 312, 460, 176, 49, 270, 15, 111, 491, 65, 86, 53, 302, 108, 319, 93, 52, 471, 209, 100, 266, 146, 363, 73, 300, 68, 219, 152, 351, 173, 18, 321, 323, 138, 236, 168, 170, 303, 178, 96, 2, 309, 45, 230, 453, 114, 379, 349, 98, 38, 132, 11, 329, 67, 376, 457, 317, 313, 348, 257, 418, 269, 434, 204, 430, 444, 297, 237, 171, 213, 157, 110, 210, 156, 326, 121, 202, 304, 389, 463, 338, 279, 292, 327, 218, 88, 291, 271, 231, 294, 36, 328, 419, 13, 42, 186, 267, 50, 394, 139, 456, 196, 90, 427, 448, 69, 286, 381, 308, 387, 316, 289, 9, 195, 184]"
"116","203.10662293434143","76472.328125","80696.26558613183","[0, 74, 358, 285, 333, 249, 5, 137, 459, 262, 447, 281, 192, 223, 315, 411, 21, 284, 103, 118, 337, 234, 479, 193, 278, 99, 92, 245, 428, 130, 153, 95, 260, 322, 426, 388, 59, 420, 409, 405, 344, 58, 295, 183, 367, 431, 81, 104, 465, 124, 215, 342, 14, 54, 377, 71, 32, 393, 241, 467, 85, 115, 478, 484, 306, 443, 492, 470, 207, 385, 113, 410, 205, 485, 324, 265, 10, 131, 190, 481, 423, 27, 34, 391, 20, 356, 8, 259, 373, 347, 1, 44, 398, 450, 185, 406, 489, 250, 224, 248, 386, 175, 253, 396, 499, 203, 25, 416, 122, 274, 102, 239, 425, 252, 354, 359, 226, 155, 469, 382, 216, 283, 72, 370, 79, 23, 497, 135, 147, 417, 483, 273, 392, 244, 51, 3, 341, 143, 22, 82, 107, 280, 437, 127, 151, 442, 55, 364, 435, 395, 272, 228, 383, 496, 461, 268, 35, 480, 17, 78, 454, 97, 487, 145, 299, 37, 401, 238, 298, 70, 179, 261, 293, 407, 378, 200, 30, 165, 24, 464, 397, 301, 439, 339, 307, 91, 458, 490, 414, 80, 77, 452, 473, 41, 366, 462, 256, 162, 208, 287, 194, 474, 371, 477, 455, 62, 60, 332, 374, 144, 449, 225, 125, 498, 352, 340, 331, 353, 220, 181, 422, 412, 76, 242, 206, 201, 365, 166, 214, 177, 403, 39, 276, 180, 475, 277, 19, 488, 408, 355, 345, 163, 227, 424, 432, 494, 61, 89, 350, 436, 310, 150, 320, 188, 6, 106, 169, 198, 40, 29, 46, 446, 247, 357, 336, 57, 399, 421, 189, 148, 160, 433, 66, 158, 222, 468, 476, 56, 482, 167, 229, 154, 390, 191, 212, 149, 472, 343, 246, 126, 28, 4, 288, 369, 16, 258, 254, 182, 159, 134, 251, 255, 384, 335, 360, 120, 415, 235, 75, 64, 441, 136, 119, 33, 346, 161, 63, 84, 217, 211, 109, 305, 325, 7, 372, 368, 282, 187, 240, 438, 123, 296, 402, 164, 140, 451, 174, 275, 221, 404, 129, 199, 495, 429, 94, 83, 142, 314, 233, 243, 116, 466, 87, 264, 445, 112, 380, 330, 318, 400, 413, 172, 12, 375, 105, 263, 361, 197, 117, 290, 26, 47, 128, 43, 133, 362, 334, 311, 440, 31, 232, 48, 141, 493, 101, 486, 312, 460, 176, 49, 270, 15, 111, 491, 65, 86, 53, 302, 108, 319, 93, 52, 471, 209, 100, 266, 146, 363, 73, 300, 68, 219, 152, 351, 173, 18, 321, 323, 138, 236, 168, 170, 303, 178, 96, 2, 309, 45, 230, 453, 114, 379, 349, 98, 38, 132, 11, 329, 67, 376, 457, 317, 313, 348, 257, 418, 269, 434, 204, 430, 444, 297, 237, 171, 213, 157, 110, 210, 156, 326, 121, 202, 304, 389, 463, 338, 279, 292, 327, 218, 88, 291, 271, 231, 294, 36, 328, 419, 13, 42, 186, 267, 50, 394, 139, 456, 196, 90, 427, 448, 69, 286, 381, 308, 387, 316, 289, 9, 195, 184]"
"117","204.86216926574707","76472.328125","80650.5692630597","[0, 74, 358, 285, 333, 249, 5, 137, 459, 262, 447, 281, 192, 223, 315, 411, 21, 284, 103, 118, 337, 234, 479, 193, 278, 99, 92, 245, 428, 130, 153, 95, 260, 322, 426, 388, 59, 420, 409, 405, 344, 58, 295, 183, 367, 431, 81, 104, 465, 124, 215, 342, 14, 54, 377, 71, 32, 393, 241, 467, 85, 115, 478, 484, 306, 443, 492, 470, 207, 385, 113, 410, 205, 485, 324, 265, 10, 131, 190, 481, 423, 27, 34, 391, 20, 356, 8, 259, 373, 347, 1, 44, 398, 450, 185, 406, 489, 250, 224, 248, 386, 175, 253, 396, 499, 203, 25, 416, 122, 274, 102, 239, 425, 252, 354, 359, 226, 155, 469, 382, 216, 283, 72, 370, 79, 23, 497, 135, 147, 417, 483, 273, 392, 244, 51, 3, 341, 143, 22, 82, 107, 280, 437, 127, 151, 442, 55, 364, 435, 395, 272, 228, 383, 496, 461, 268, 35, 480, 17, 78, 454, 97, 487, 145, 299, 37, 401, 238, 298, 70, 179, 261, 293, 407, 378, 200, 30, 165, 24, 464, 397, 301, 439, 339, 307, 91, 458, 490, 414, 80, 77, 452, 473, 41, 366, 462, 256, 162, 208, 287, 194, 474, 371, 477, 455, 62, 60, 332, 374, 144, 449, 225, 125, 498, 352, 340, 331, 353, 220, 181, 422, 412, 76, 242, 206, 201, 365, 166, 214, 177, 403, 39, 276, 180, 475, 277, 19, 488, 408, 355, 345, 163, 227, 424, 432, 494, 61, 89, 350, 436, 310, 150, 320, 188, 6, 106, 169, 198, 40, 29, 46, 446, 247, 357, 336, 57, 399, 421, 189, 148, 160, 433, 66, 158, 222, 468, 476, 56, 482, 167, 229, 154, 390, 191, 212, 149, 472, 343, 246, 126, 28, 4, 288, 369, 16, 258, 254, 182, 159, 134, 251, 255, 384, 335, 360, 120, 415, 235, 75, 64, 441, 136, 119, 33, 346, 161, 63, 84, 217, 211, 109, 305, 325, 7, 372, 368, 282, 187, 240, 438, 123, 296, 402, 164, 140, 451, 174, 275, 221, 404, 129, 199, 495, 429, 94, 83, 142, 314, 233, 243, 116, 466, 87, 264, 445, 112, 380, 330, 318, 400, 413, 172, 12, 375, 105, 263, 361, 197, 117, 290, 26, 47, 128, 43, 133, 362, 334, 311, 440, 31, 232, 48, 141, 493, 101, 486, 312, 460, 176, 49, 270, 15, 111, 491, 65, 86, 53, 302, 108, 319, 93, 52, 471, 209, 100, 266, 146, 363, 73, 300, 68, 219, 152, 351, 173, 18, 321, 323, 138, 236, 168, 170, 303, 178, 96, 2, 309, 45, 230, 453, 114, 379, 349, 98, 38, 132, 11, 329, 67, 376, 457, 317, 313, 348, 257, 418, 269, 434, 204, 430, 444, 297, 237, 171, 213, 157, 110, 210, 156, 326, 121, 202, 304, 389, 463, 338, 279, 292, 327, 218, 88, 291, 271, 231, 294, 36, 328, 419, 13, 42, 186, 267, 50, 394, 139, 456, 196, 90, 427, 448, 69, 286, 381, 308, 387, 316, 289, 9, 195, 184]"
"118","206.61946201324463","76472.328125","80749.80814676617","[0, 74, 358, 285, 333, 249, 5, 137, 459, 262, 447, 281, 192, 223, 315, 411, 21, 284, 103, 118, 337, 234, 479, 193, 278, 99, 92, 245, 428, 130, 153, 95, 260, 322, 426, 388, 59, 420, 409, 405, 344, 58, 295, 183, 367, 431, 81, 104, 465, 124, 215, 342, 14, 54, 377, 71, 32, 393, 241, 467, 85, 115, 478, 484, 306, 443, 492, 470, 207, 385, 113, 410, 205, 485, 324, 265, 10, 131, 190, 481, 423, 27, 34, 391, 20, 356, 8, 259, 373, 347, 1, 44, 398, 450, 185, 406, 489, 250, 224, 248, 386, 175, 253, 396, 499, 203, 25, 416, 122, 274, 102, 239, 425, 252, 354, 359, 226, 155, 469, 382, 216, 283, 72, 370, 79, 23, 497, 135, 147, 417, 483, 273, 392, 244, 51, 3, 341, 143, 22, 82, 107, 280, 437, 127, 151, 442, 55, 364, 435, 395, 272, 228, 383, 496, 461, 268, 35, 480, 17, 78, 454, 97, 487, 145, 299, 37, 401, 238, 298, 70, 179, 261, 293, 407, 378, 200, 30, 165, 24, 464, 397, 301, 439, 339, 307, 91, 458, 490, 414, 80, 77, 452, 473, 41, 366, 462, 256, 162, 208, 287, 194, 474, 371, 477, 455, 62, 60, 332, 374, 144, 449, 225, 125, 498, 352, 340, 331, 353, 220, 181, 422, 412, 76, 242, 206, 201, 365, 166, 214, 177, 403, 39, 276, 180, 475, 277, 19, 488, 408, 355, 345, 163, 227, 424, 432, 494, 61, 89, 350, 436, 310, 150, 320, 188, 6, 106, 169, 198, 40, 29, 46, 446, 247, 357, 336, 57, 399, 421, 189, 148, 160, 433, 66, 158, 222, 468, 476, 56, 482, 167, 229, 154, 390, 191, 212, 149, 472, 343, 246, 126, 28, 4, 288, 369, 16, 258, 254, 182, 159, 134, 251, 255, 384, 335, 360, 120, 415, 235, 75, 64, 441, 136, 119, 33, 346, 161, 63, 84, 217, 211, 109, 305, 325, 7, 372, 368, 282, 187, 240, 438, 123, 296, 402, 164, 140, 451, 174, 275, 221, 404, 129, 199, 495, 429, 94, 83, 142, 314, 233, 243, 116, 466, 87, 264, 445, 112, 380, 330, 318, 400, 413, 172, 12, 375, 105, 263, 361, 197, 117, 290, 26, 47, 128, 43, 133, 362, 334, 311, 440, 31, 232, 48, 141, 493, 101, 486, 312, 460, 176, 49, 270, 15, 111, 491, 65, 86, 53, 302, 108, 319, 93, 52, 471, 209, 100, 266, 146, 363, 73, 300, 68, 219, 152, 351, 173, 18, 321, 323, 138, 236, 168, 170, 303, 178, 96, 2, 309, 45, 230, 453, 114, 379, 349, 98, 38, 132, 11, 329, 67, 376, 457, 317, 313, 348, 257, 418, 269, 434, 204, 430, 444, 297, 237, 171, 213, 157, 110, 210, 156, 326, 121, 202, 304, 389, 463, 338, 279, 292, 327, 218, 88, 291, 271, 231, 294, 36, 328, 419, 13, 42, 186, 267, 50, 394, 139, 456, 196, 90, 427, 448, 69, 286, 381, 308, 387, 316, 289, 9, 195, 184]"
"119","208.37630653381348","76472.328125","80840.91969838309","[0, 74, 358, 285, 333, 249, 5, 137, 459, 262, 447, 281, 192, 223, 315, 411, 21, 284, 103, 118, 337, 234, 479, 193, 278, 99, 92, 245, 428, 130, 153, 95, 260, 322, 426, 388, 59, 420, 409, 405, 344, 58, 295, 183, 367, 431, 81, 104, 465, 124, 215, 342, 14, 54, 377, 71, 32, 393, 241, 467, 85, 115, 478, 484, 306, 443, 492, 470, 207, 385, 113, 410, 205, 485, 324, 265, 10, 131, 190, 481, 423, 27, 34, 391, 20, 356, 8, 259, 373, 347, 1, 44, 398, 450, 185, 406, 489, 250, 224, 248, 386, 175, 253, 396, 499, 203, 25, 416, 122, 274, 102, 239, 425, 252, 354, 359, 226, 155, 469, 382, 216, 283, 72, 370, 79, 23, 497, 135, 147, 417, 483, 273, 392, 244, 51, 3, 341, 143, 22, 82, 107, 280, 437, 127, 151, 442, 55, 364, 435, 395, 272, 228, 383, 496, 461, 268, 35, 480, 17, 78, 454, 97, 487, 145, 299, 37, 401, 238, 298, 70, 179, 261, 293, 407, 378, 200, 30, 165, 24, 464, 397, 301, 439, 339, 307, 91, 458, 490, 414, 80, 77, 452, 473, 41, 366, 462, 256, 162, 208, 287, 194, 474, 371, 477, 455, 62, 60, 332, 374, 144, 449, 225, 125, 498, 352, 340, 331, 353, 220, 181, 422, 412, 76, 242, 206, 201, 365, 166, 214, 177, 403, 39, 276, 180, 475, 277, 19, 488, 408, 355, 345, 163, 227, 424, 432, 494, 61, 89, 350, 436, 310, 150, 320, 188, 6, 106, 169, 198, 40, 29, 46, 446, 247, 357, 336, 57, 399, 421, 189, 148, 160, 433, 66, 158, 222, 468, 476, 56, 482, 167, 229, 154, 390, 191, 212, 149, 472, 343, 246, 126, 28, 4, 288, 369, 16, 258, 254, 182, 159, 134, 251, 255, 384, 335, 360, 120, 415, 235, 75, 64, 441, 136, 119, 33, 346, 161, 63, 84, 217, 211, 109, 305, 325, 7, 372, 368, 282, 187, 240, 438, 123, 296, 402, 164, 140, 451, 174, 275, 221, 404, 129, 199, 495, 429, 94, 83, 142, 314, 233, 243, 116, 466, 87, 264, 445, 112, 380, 330, 318, 400, 413, 172, 12, 375, 105, 263, 361, 197, 117, 290, 26, 47, 128, 43, 133, 362, 334, 311, 440, 31, 232, 48, 141, 493, 101, 486, 312, 460, 176, 49, 270, 15, 111, 491, 65, 86, 53, 302, 108, 319, 93, 52, 471, 209, 100, 266, 146, 363, 73, 300, 68, 219, 152, 351, 173, 18, 321, 323, 138, 236, 168, 170, 303, 178, 96, 2, 309, 45, 230, 453, 114, 379, 349, 98, 38, 132, 11, 329, 67, 376, 457, 317, 313, 348, 257, 418, 269, 434, 204, 430, 444, 297, 237, 171, 213, 157, 110, 210, 156, 326, 121, 202, 304, 389, 463, 338, 279, 292, 327, 218, 88, 291, 271, 231, 294, 36, 328, 419, 13, 42, 186, 267, 50, 394, 139, 456, 196, 90, 427, 448, 69, 286, 381, 308, 387, 316, 289, 9, 195, 184]"
"120","210.13078927993774","76472.328125","80384.18757773632","[0, 74, 358, 285, 333, 249, 5, 137, 459, 262, 447, 281, 192, 223, 315, 411, 21, 284, 103, 118, 337, 234, 479, 193, 278, 99, 92, 245, 428, 130, 153, 95, 260, 322, 426, 388, 59, 420, 409, 405, 344, 58, 295, 183, 367, 431, 81, 104, 465, 124, 215, 342, 14, 54, 377, 71, 32, 393, 241, 467, 85, 115, 478, 484, 306, 443, 492, 470, 207, 385, 113, 410, 205, 485, 324, 265, 10, 131, 190, 481, 423, 27, 34, 391, 20, 356, 8, 259, 373, 347, 1, 44, 398, 450, 185, 406, 489, 250, 224, 248, 386, 175, 253, 396, 499, 203, 25, 416, 122, 274, 102, 239, 425, 252, 354, 359, 226, 155, 469, 382, 216, 283, 72, 370, 79, 23, 497, 135, 147, 417, 483, 273, 392, 244, 51, 3, 341, 143, 22, 82, 107, 280, 437, 127, 151, 442, 55, 364, 435, 395, 272, 228, 383, 496, 461, 268, 35, 480, 17, 78, 454, 97, 487, 145, 299, 37, 401, 238, 298, 70, 179, 261, 293, 407, 378, 200, 30, 165, 24, 464, 397, 301, 439, 339, 307, 91, 458, 490, 414, 80, 77, 452, 473, 41, 366, 462, 256, 162, 208, 287, 194, 474, 371, 477, 455, 62, 60, 332, 374, 144, 449, 225, 125, 498, 352, 340, 331, 353, 220, 181, 422, 412, 76, 242, 206, 201, 365, 166, 214, 177, 403, 39, 276, 180, 475, 277, 19, 488, 408, 355, 345, 163, 227, 424, 432, 494, 61, 89, 350, 436, 310, 150, 320, 188, 6, 106, 169, 198, 40, 29, 46, 446, 247, 357, 336, 57, 399, 421, 189, 148, 160, 433, 66, 158, 222, 468, 476, 56, 482, 167, 229, 154, 390, 191, 212, 149, 472, 343, 246, 126, 28, 4, 288, 369, 16, 258, 254, 182, 159, 134, 251, 255, 384, 335, 360, 120, 415, 235, 75, 64, 441, 136, 119, 33, 346, 161, 63, 84, 217, 211, 109, 305, 325, 7, 372, 368, 282, 187, 240, 438, 123, 296, 402, 164, 140, 451, 174, 275, 221, 404, 129, 199, 495, 429, 94, 83, 142, 314, 233, 243, 116, 466, 87, 264, 445, 112, 380, 330, 318, 400, 413, 172, 12, 375, 105, 263, 361, 197, 117, 290, 26, 47, 128, 43, 133, 362, 334, 311, 440, 31, 232, 48, 141, 493, 101, 486, 312, 460, 176, 49, 270, 15, 111, 491, 65, 86, 53, 302, 108, 319, 93, 52, 471, 209, 100, 266, 146, 363, 73, 300, 68, 219, 152, 351, 173, 18, 321, 323, 138, 236, 168, 170, 303, 178, 96, 2, 309, 45, 230, 453, 114, 379, 349, 98, 38, 132, 11, 329, 67, 376, 457, 317, 313, 348, 257, 418, 269, 434, 204, 430, 444, 297, 237, 171, 213, 157, 110, 210, 156, 326, 121, 202, 304, 389, 463, 338, 279, 292, 327, 218, 88, 291, 271, 231, 294, 36, 328, 419, 13, 42, 186, 267, 50, 394, 139, 456, 196, 90, 427, 448, 69, 286, 381, 308, 387, 316, 289, 9, 195, 184]"
"121","211.8941457271576","76472.328125","80230.57213930348","[0, 74, 358, 285, 333, 249, 5, 137, 459, 262, 447, 281, 192, 223, 315, 411, 21, 284, 103, 118, 337, 234, 479, 193, 278, 99, 92, 245, 428, 130, 153, 95, 260, 322, 426, 388, 59, 420, 409, 405, 344, 58, 295, 183, 367, 431, 81, 104, 465, 124, 215, 342, 14, 54, 377, 71, 32, 393, 241, 467, 85, 115, 478, 484, 306, 443, 492, 470, 207, 385, 113, 410, 205, 485, 324, 265, 10, 131, 190, 481, 423, 27, 34, 391, 20, 356, 8, 259, 373, 347, 1, 44, 398, 450, 185, 406, 489, 250, 224, 248, 386, 175, 253, 396, 499, 203, 25, 416, 122, 274, 102, 239, 425, 252, 354, 359, 226, 155, 469, 382, 216, 283, 72, 370, 79, 23, 497, 135, 147, 417, 483, 273, 392, 244, 51, 3, 341, 143, 22, 82, 107, 280, 437, 127, 151, 442, 55, 364, 435, 395, 272, 228, 383, 496, 461, 268, 35, 480, 17, 78, 454, 97, 487, 145, 299, 37, 401, 238, 298, 70, 179, 261, 293, 407, 378, 200, 30, 165, 24, 464, 397, 301, 439, 339, 307, 91, 458, 490, 414, 80, 77, 452, 473, 41, 366, 462, 256, 162, 208, 287, 194, 474, 371, 477, 455, 62, 60, 332, 374, 144, 449, 225, 125, 498, 352, 340, 331, 353, 220, 181, 422, 412, 76, 242, 206, 201, 365, 166, 214, 177, 403, 39, 276, 180, 475, 277, 19, 488, 408, 355, 345, 163, 227, 424, 432, 494, 61, 89, 350, 436, 310, 150, 320, 188, 6, 106, 169, 198, 40, 29, 46, 446, 247, 357, 336, 57, 399, 421, 189, 148, 160, 433, 66, 158, 222, 468, 476, 56, 482, 167, 229, 154, 390, 191, 212, 149, 472, 343, 246, 126, 28, 4, 288, 369, 16, 258, 254, 182, 159, 134, 251, 255, 384, 335, 360, 120, 415, 235, 75, 64, 441, 136, 119, 33, 346, 161, 63, 84, 217, 211, 109, 305, 325, 7, 372, 368, 282, 187, 240, 438, 123, 296, 402, 164, 140, 451, 174, 275, 221, 404, 129, 199, 495, 429, 94, 83, 142, 314, 233, 243, 116, 466, 87, 264, 445, 112, 380, 330, 318, 400, 413, 172, 12, 375, 105, 263, 361, 197, 117, 290, 26, 47, 128, 43, 133, 362, 334, 311, 440, 31, 232, 48, 141, 493, 101, 486, 312, 460, 176, 49, 270, 15, 111, 491, 65, 86, 53, 302, 108, 319, 93, 52, 471, 209, 100, 266, 146, 363, 73, 300, 68, 219, 152, 351, 173, 18, 321, 323, 138, 236, 168, 170, 303, 178, 96, 2, 309, 45, 230, 453, 114, 379, 349, 98, 38, 132, 11, 329, 67, 376, 457, 317, 313, 348, 257, 418, 269, 434, 204, 430, 444, 297, 237, 171, 213, 157, 110, 210, 156, 326, 121, 202, 304, 389, 463, 338, 279, 292, 327, 218, 88, 291, 271, 231, 294, 36, 328, 419, 13, 42, 186, 267, 50, 394, 139, 456, 196, 90, 427, 448, 69, 286, 381, 308, 387, 316, 289, 9, 195, 184]"
"122","213.6541714668274","76472.328125","79660.88837064676","[0, 74, 358, 285, 333, 249, 5, 137, 459, 262, 447, 281, 192, 223, 315, 411, 21, 284, 103, 118, 337, 234, 479, 193, 278, 99, 92, 245, 428, 130, 153, 95, 260, 322, 426, 388, 59, 420, 409, 405, 344, 58, 295, 183, 367, 431, 81, 104, 465, 124, 215, 342, 14, 54, 377, 71, 32, 393, 241, 467, 85, 115, 478, 484, 306, 443, 492, 470, 207, 385, 113, 410, 205, 485, 324, 265, 10, 131, 190, 481, 423, 27, 34, 391, 20, 356, 8, 259, 373, 347, 1, 44, 398, 450, 185, 406, 489, 250, 224, 248, 386, 175, 253, 396, 499, 203, 25, 416, 122, 274, 102, 239, 425, 252, 354, 359, 226, 155, 469, 382, 216, 283, 72, 370, 79, 23, 497, 135, 147, 417, 483, 273, 392, 244, 51, 3, 341, 143, 22, 82, 107, 280, 437, 127, 151, 442, 55, 364, 435, 395, 272, 228, 383, 496, 461, 268, 35, 480, 17, 78, 454, 97, 487, 145, 299, 37, 401, 238, 298, 70, 179, 261, 293, 407, 378, 200, 30, 165, 24, 464, 397, 301, 439, 339, 307, 91, 458, 490, 414, 80, 77, 452, 473, 41, 366, 462, 256, 162, 208, 287, 194, 474, 371, 477, 455, 62, 60, 332, 374, 144, 449, 225, 125, 498, 352, 340, 331, 353, 220, 181, 422, 412, 76, 242, 206, 201, 365, 166, 214, 177, 403, 39, 276, 180, 475, 277, 19, 488, 408, 355, 345, 163, 227, 424, 432, 494, 61, 89, 350, 436, 310, 150, 320, 188, 6, 106, 169, 198, 40, 29, 46, 446, 247, 357, 336, 57, 399, 421, 189, 148, 160, 433, 66, 158, 222, 468, 476, 56, 482, 167, 229, 154, 390, 191, 212, 149, 472, 343, 246, 126, 28, 4, 288, 369, 16, 258, 254, 182, 159, 134, 251, 255, 384, 335, 360, 120, 415, 235, 75, 64, 441, 136, 119, 33, 346, 161, 63, 84, 217, 211, 109, 305, 325, 7, 372, 368, 282, 187, 240, 438, 123, 296, 402, 164, 140, 451, 174, 275, 221, 404, 129, 199, 495, 429, 94, 83, 142, 314, 233, 243, 116, 466, 87, 264, 445, 112, 380, 330, 318, 400, 413, 172, 12, 375, 105, 263, 361, 197, 117, 290, 26, 47, 128, 43, 133, 362, 334, 311, 440, 31, 232, 48, 141, 493, 101, 486, 312, 460, 176, 49, 270, 15, 111, 491, 65, 86, 53, 302, 108, 319, 93, 52, 471, 209, 100, 266, 146, 363, 73, 300, 68, 219, 152, 351, 173, 18, 321, 323, 138, 236, 168, 170, 303, 178, 96, 2, 309, 45, 230, 453, 114, 379, 349, 98, 38, 132, 11, 329, 67, 376, 457, 317, 313, 348, 257, 418, 269, 434, 204, 430, 444, 297, 237, 171, 213, 157, 110, 210, 156, 326, 121, 202, 304, 389, 463, 338, 279, 292, 327, 218, 88, 291, 271, 231, 294, 36, 328, 419, 13, 42, 186, 267, 50, 394, 139, 456, 196, 90, 427, 448, 69, 286, 381, 308, 387, 316, 289, 9, 195, 184]"
"123","215.41129279136658","76472.328125","79970.28490360697","[0, 74, 358, 285, 333, 249, 5, 137, 459, 262, 447, 281, 192, 223, 315, 411, 21, 284, 103, 118, 337, 234, 479, 193, 278, 99, 92, 245, 428, 130, 153, 95, 260, 322, 426, 388, 59, 420, 409, 405, 344, 58, 295, 183, 367, 431, 81, 104, 465, 124, 215, 342, 14, 54, 377, 71, 32, 393, 241, 467, 85, 115, 478, 484, 306, 443, 492, 470, 207, 385, 113, 410, 205, 485, 324, 265, 10, 131, 190, 481, 423, 27, 34, 391, 20, 356, 8, 259, 373, 347, 1, 44, 398, 450, 185, 406, 489, 250, 224, 248, 386, 175, 253, 396, 499, 203, 25, 416, 122, 274, 102, 239, 425, 252, 354, 359, 226, 155, 469, 382, 216, 283, 72, 370, 79, 23, 497, 135, 147, 417, 483, 273, 392, 244, 51, 3, 341, 143, 22, 82, 107, 280, 437, 127, 151, 442, 55, 364, 435, 395, 272, 228, 383, 496, 461, 268, 35, 480, 17, 78, 454, 97, 487, 145, 299, 37, 401, 238, 298, 70, 179, 261, 293, 407, 378, 200, 30, 165, 24, 464, 397, 301, 439, 339, 307, 91, 458, 490, 414, 80, 77, 452, 473, 41, 366, 462, 256, 162, 208, 287, 194, 474, 371, 477, 455, 62, 60, 332, 374, 144, 449, 225, 125, 498, 352, 340, 331, 353, 220, 181, 422, 412, 76, 242, 206, 201, 365, 166, 214, 177, 403, 39, 276, 180, 475, 277, 19, 488, 408, 355, 345, 163, 227, 424, 432, 494, 61, 89, 350, 436, 310, 150, 320, 188, 6, 106, 169, 198, 40, 29, 46, 446, 247, 357, 336, 57, 399, 421, 189, 148, 160, 433, 66, 158, 222, 468, 476, 56, 482, 167, 229, 154, 390, 191, 212, 149, 472, 343, 246, 126, 28, 4, 288, 369, 16, 258, 254, 182, 159, 134, 251, 255, 384, 335, 360, 120, 415, 235, 75, 64, 441, 136, 119, 33, 346, 161, 63, 84, 217, 211, 109, 305, 325, 7, 372, 368, 282, 187, 240, 438, 123, 296, 402, 164, 140, 451, 174, 275, 221, 404, 129, 199, 495, 429, 94, 83, 142, 314, 233, 243, 116, 466, 87, 264, 445, 112, 380, 330, 318, 400, 413, 172, 12, 375, 105, 263, 361, 197, 117, 290, 26, 47, 128, 43, 133, 362, 334, 311, 440, 31, 232, 48, 141, 493, 101, 486, 312, 460, 176, 49, 270, 15, 111, 491, 65, 86, 53, 302, 108, 319, 93, 52, 471, 209, 100, 266, 146, 363, 73, 300, 68, 219, 152, 351, 173, 18, 321, 323, 138, 236, 168, 170, 303, 178, 96, 2, 309, 45, 230, 453, 114, 379, 349, 98, 38, 132, 11, 329, 67, 376, 457, 317, 313, 348, 257, 418, 269, 434, 204, 430, 444, 297, 237, 171, 213, 157, 110, 210, 156, 326, 121, 202, 304, 389, 463, 338, 279, 292, 327, 218, 88, 291, 271, 231, 294, 36, 328, 419, 13, 42, 186, 267, 50, 394, 139, 456, 196, 90, 427, 448, 69, 286, 381, 308, 387, 316, 289, 9, 195, 184]"
"124","217.16742086410522","76472.328125","79675.11839241293","[0, 74, 358, 285, 333, 249, 5, 137, 459, 262, 447, 281, 192, 223, 315, 411, 21, 284, 103, 118, 337, 234, 479, 193, 278, 99, 92, 245, 428, 130, 153, 95, 260, 322, 426, 388, 59, 420, 409, 405, 344, 58, 295, 183, 367, 431, 81, 104, 465, 124, 215, 342, 14, 54, 377, 71, 32, 393, 241, 467, 85, 115, 478, 484, 306, 443, 492, 470, 207, 385, 113, 410, 205, 485, 324, 265, 10, 131, 190, 481, 423, 27, 34, 391, 20, 356, 8, 259, 373, 347, 1, 44, 398, 450, 185, 406, 489, 250, 224, 248, 386, 175, 253, 396, 499, 203, 25, 416, 122, 274, 102, 239, 425, 252, 354, 359, 226, 155, 469, 382, 216, 283, 72, 370, 79, 23, 497, 135, 147, 417, 483, 273, 392, 244, 51, 3, 341, 143, 22, 82, 107, 280, 437, 127, 151, 442, 55, 364, 435, 395, 272, 228, 383, 496, 461, 268, 35, 480, 17, 78, 454, 97, 487, 145, 299, 37, 401, 238, 298, 70, 179, 261, 293, 407, 378, 200, 30, 165, 24, 464, 397, 301, 439, 339, 307, 91, 458, 490, 414, 80, 77, 452, 473, 41, 366, 462, 256, 162, 208, 287, 194, 474, 371, 477, 455, 62, 60, 332, 374, 144, 449, 225, 125, 498, 352, 340, 331, 353, 220, 181, 422, 412, 76, 242, 206, 201, 365, 166, 214, 177, 403, 39, 276, 180, 475, 277, 19, 488, 408, 355, 345, 163, 227, 424, 432, 494, 61, 89, 350, 436, 310, 150, 320, 188, 6, 106, 169, 198, 40, 29, 46, 446, 247, 357, 336, 57, 399, 421, 189, 148, 160, 433, 66, 158, 222, 468, 476, 56, 482, 167, 229, 154, 390, 191, 212, 149, 472, 343, 246, 126, 28, 4, 288, 369, 16, 258, 254, 182, 159, 134, 251, 255, 384, 335, 360, 120, 415, 235, 75, 64, 441, 136, 119, 33, 346, 161, 63, 84, 217, 211, 109, 305, 325, 7, 372, 368, 282, 187, 240, 438, 123, 296, 402, 164, 140, 451, 174, 275, 221, 404, 129, 199, 495, 429, 94, 83, 142, 314, 233, 243, 116, 466, 87, 264, 445, 112, 380, 330, 318, 400, 413, 172, 12, 375, 105, 263, 361, 197, 117, 290, 26, 47, 128, 43, 133, 362, 334, 311, 440, 31, 232, 48, 141, 493, 101, 486, 312, 460, 176, 49, 270, 15, 111, 491, 65, 86, 53, 302, 108, 319, 93, 52, 471, 209, 100, 266, 146, 363, 73, 300, 68, 219, 152, 351, 173, 18, 321, 323, 138, 236, 168, 170, 303, 178, 96, 2, 309, 45, 230, 453, 114, 379, 349, 98, 38, 132, 11, 329, 67, 376, 457, 317, 313, 348, 257, 418, 269, 434, 204, 430, 444, 297, 237, 171, 213, 157, 110, 210, 156, 326, 121, 202, 304, 389, 463, 338, 279, 292, 327, 218, 88, 291, 271, 231, 294, 36, 328, 419, 13, 42, 186, 267, 50, 394, 139, 456, 196, 90, 427, 448, 69, 286, 381, 308, 387, 316, 289, 9, 195, 184]"
"125","218.93113255500793","76472.328125","79577.4947527985","[0, 74, 358, 285, 333, 249, 5, 137, 459, 262, 447, 281, 192, 223, 315, 411, 21, 284, 103, 118, 337, 234, 479, 193, 278, 99, 92, 245, 428, 130, 153, 95, 260, 322, 426, 388, 59, 420, 409, 405, 344, 58, 295, 183, 367, 431, 81, 104, 465, 124, 215, 342, 14, 54, 377, 71, 32, 393, 241, 467, 85, 115, 478, 484, 306, 443, 492, 470, 207, 385, 113, 410, 205, 485, 324, 265, 10, 131, 190, 481, 423, 27, 34, 391, 20, 356, 8, 259, 373, 347, 1, 44, 398, 450, 185, 406, 489, 250, 224, 248, 386, 175, 253, 396, 499, 203, 25, 416, 122, 274, 102, 239, 425, 252, 354, 359, 226, 155, 469, 382, 216, 283, 72, 370, 79, 23, 497, 135, 147, 417, 483, 273, 392, 244, 51, 3, 341, 143, 22, 82, 107, 280, 437, 127, 151, 442, 55, 364, 435, 395, 272, 228, 383, 496, 461, 268, 35, 480, 17, 78, 454, 97, 487, 145, 299, 37, 401, 238, 298, 70, 179, 261, 293, 407, 378, 200, 30, 165, 24, 464, 397, 301, 439, 339, 307, 91, 458, 490, 414, 80, 77, 452, 473, 41, 366, 462, 256, 162, 208, 287, 194, 474, 371, 477, 455, 62, 60, 332, 374, 144, 449, 225, 125, 498, 352, 340, 331, 353, 220, 181, 422, 412, 76, 242, 206, 201, 365, 166, 214, 177, 403, 39, 276, 180, 475, 277, 19, 488, 408, 355, 345, 163, 227, 424, 432, 494, 61, 89, 350, 436, 310, 150, 320, 188, 6, 106, 169, 198, 40, 29, 46, 446, 247, 357, 336, 57, 399, 421, 189, 148, 160, 433, 66, 158, 222, 468, 476, 56, 482, 167, 229, 154, 390, 191, 212, 149, 472, 343, 246, 126, 28, 4, 288, 369, 16, 258, 254, 182, 159, 134, 251, 255, 384, 335, 360, 120, 415, 235, 75, 64, 441, 136, 119, 33, 346, 161, 63, 84, 217, 211, 109, 305, 325, 7, 372, 368, 282, 187, 240, 438, 123, 296, 402, 164, 140, 451, 174, 275, 221, 404, 129, 199, 495, 429, 94, 83, 142, 314, 233, 243, 116, 466, 87, 264, 445, 112, 380, 330, 318, 400, 413, 172, 12, 375, 105, 263, 361, 197, 117, 290, 26, 47, 128, 43, 133, 362, 334, 311, 440, 31, 232, 48, 141, 493, 101, 486, 312, 460, 176, 49, 270, 15, 111, 491, 65, 86, 53, 302, 108, 319, 93, 52, 471, 209, 100, 266, 146, 363, 73, 300, 68, 219, 152, 351, 173, 18, 321, 323, 138, 236, 168, 170, 303, 178, 96, 2, 309, 45, 230, 453, 114, 379, 349, 98, 38, 132, 11, 329, 67, 376, 457, 317, 313, 348, 257, 418, 269, 434, 204, 430, 444, 297, 237, 171, 213, 157, 110, 210, 156, 326, 121, 202, 304, 389, 463, 338, 279, 292, 327, 218, 88, 291, 271, 231, 294, 36, 328, 419, 13, 42, 186, 267, 50, 394, 139, 456, 196, 90, 427, 448, 69, 286, 381, 308, 387, 316, 289, 9, 195, 184]"
"126","220.68882989883423","76472.328125","79607.0392568408","[0, 74, 358, 285, 333, 249, 5, 137, 459, 262, 447, 281, 192, 223, 315, 411, 21, 284, 103, 118, 337, 234, 479, 193, 278, 99, 92, 245, 428, 130, 153, 95, 260, 322, 426, 388, 59, 420, 409, 405, 344, 58, 295, 183, 367, 431, 81, 104, 465, 124, 215, 342, 14, 54, 377, 71, 32, 393, 241, 467, 85, 115, 478, 484, 306, 443, 492, 470, 207, 385, 113, 410, 205, 485, 324, 265, 10, 131, 190, 481, 423, 27, 34, 391, 20, 356, 8, 259, 373, 347, 1, 44, 398, 450, 185, 406, 489, 250, 224, 248, 386, 175, 253, 396, 499, 203, 25, 416, 122, 274, 102, 239, 425, 252, 354, 359, 226, 155, 469, 382, 216, 283, 72, 370, 79, 23, 497, 135, 147, 417, 483, 273, 392, 244, 51, 3, 341, 143, 22, 82, 107, 280, 437, 127, 151, 442, 55, 364, 435, 395, 272, 228, 383, 496, 461, 268, 35, 480, 17, 78, 454, 97, 487, 145, 299, 37, 401, 238, 298, 70, 179, 261, 293, 407, 378, 200, 30, 165, 24, 464, 397, 301, 439, 339, 307, 91, 458, 490, 414, 80, 77, 452, 473, 41, 366, 462, 256, 162, 208, 287, 194, 474, 371, 477, 455, 62, 60, 332, 374, 144, 449, 225, 125, 498, 352, 340, 331, 353, 220, 181, 422, 412, 76, 242, 206, 201, 365, 166, 214, 177, 403, 39, 276, 180, 475, 277, 19, 488, 408, 355, 345, 163, 227, 424, 432, 494, 61, 89, 350, 436, 310, 150, 320, 188, 6, 106, 169, 198, 40, 29, 46, 446, 247, 357, 336, 57, 399, 421, 189, 148, 160, 433, 66, 158, 222, 468, 476, 56, 482, 167, 229, 154, 390, 191, 212, 149, 472, 343, 246, 126, 28, 4, 288, 369, 16, 258, 254, 182, 159, 134, 251, 255, 384, 335, 360, 120, 415, 235, 75, 64, 441, 136, 119, 33, 346, 161, 63, 84, 217, 211, 109, 305, 325, 7, 372, 368, 282, 187, 240, 438, 123, 296, 402, 164, 140, 451, 174, 275, 221, 404, 129, 199, 495, 429, 94, 83, 142, 314, 233, 243, 116, 466, 87, 264, 445, 112, 380, 330, 318, 400, 413, 172, 12, 375, 105, 263, 361, 197, 117, 290, 26, 47, 128, 43, 133, 362, 334, 311, 440, 31, 232, 48, 141, 493, 101, 486, 312, 460, 176, 49, 270, 15, 111, 491, 65, 86, 53, 302, 108, 319, 93, 52, 471, 209, 100, 266, 146, 363, 73, 300, 68, 219, 152, 351, 173, 18, 321, 323, 138, 236, 168, 170, 303, 178, 96, 2, 309, 45, 230, 453, 114, 379, 349, 98, 38, 132, 11, 329, 67, 376, 457, 317, 313, 348, 257, 418, 269, 434, 204, 430, 444, 297, 237, 171, 213, 157, 110, 210, 156, 326, 121, 202, 304, 389, 463, 338, 279, 292, 327, 218, 88, 291, 271, 231, 294, 36, 328, 419, 13, 42, 186, 267, 50, 394, 139, 456, 196, 90, 427, 448, 69, 286, 381, 308, 387, 316, 289, 9, 195, 184]"
"127","222.44992327690125","76472.328125","79460.36944185324","[0, 74, 358, 285, 333, 249, 5, 137, 459, 262, 447, 281, 192, 223, 315, 411, 21, 284, 103, 118, 337, 234, 479, 193, 278, 99, 92, 245, 428, 130, 153, 95, 260, 322, 426, 388, 59, 420, 409, 405, 344, 58, 295, 183, 367, 431, 81, 104, 465, 124, 215, 342, 14, 54, 377, 71, 32, 393, 241, 467, 85, 115, 478, 484, 306, 443, 492, 470, 207, 385, 113, 410, 205, 485, 324, 265, 10, 131, 190, 481, 423, 27, 34, 391, 20, 356, 8, 259, 373, 347, 1, 44, 398, 450, 185, 406, 489, 250, 224, 248, 386, 175, 253, 396, 499, 203, 25, 416, 122, 274, 102, 239, 425, 252, 354, 359, 226, 155, 469, 382, 216, 283, 72, 370, 79, 23, 497, 135, 147, 417, 483, 273, 392, 244, 51, 3, 341, 143, 22, 82, 107, 280, 437, 127, 151, 442, 55, 364, 435, 395, 272, 228, 383, 496, 461, 268, 35, 480, 17, 78, 454, 97, 487, 145, 299, 37, 401, 238, 298, 70, 179, 261, 293, 407, 378, 200, 30, 165, 24, 464, 397, 301, 439, 339, 307, 91, 458, 490, 414, 80, 77, 452, 473, 41, 366, 462, 256, 162, 208, 287, 194, 474, 371, 477, 455, 62, 60, 332, 374, 144, 449, 225, 125, 498, 352, 340, 331, 353, 220, 181, 422, 412, 76, 242, 206, 201, 365, 166, 214, 177, 403, 39, 276, 180, 475, 277, 19, 488, 408, 355, 345, 163, 227, 424, 432, 494, 61, 89, 350, 436, 310, 150, 320, 188, 6, 106, 169, 198, 40, 29, 46, 446, 247, 357, 336, 57, 399, 421, 189, 148, 160, 433, 66, 158, 222, 468, 476, 56, 482, 167, 229, 154, 390, 191, 212, 149, 472, 343, 246, 126, 28, 4, 288, 369, 16, 258, 254, 182, 159, 134, 251, 255, 384, 335, 360, 120, 415, 235, 75, 64, 441, 136, 119, 33, 346, 161, 63, 84, 217, 211, 109, 305, 325, 7, 372, 368, 282, 187, 240, 438, 123, 296, 402, 164, 140, 451, 174, 275, 221, 404, 129, 199, 495, 429, 94, 83, 142, 314, 233, 243, 116, 466, 87, 264, 445, 112, 380, 330, 318, 400, 413, 172, 12, 375, 105, 263, 361, 197, 117, 290, 26, 47, 128, 43, 133, 362, 334, 311, 440, 31, 232, 48, 141, 493, 101, 486, 312, 460, 176, 49, 270, 15, 111, 491, 65, 86, 53, 302, 108, 319, 93, 52, 471, 209, 100, 266, 146, 363, 73, 300, 68, 219, 152, 351, 173, 18, 321, 323, 138, 236, 168, 170, 303, 178, 96, 2, 309, 45, 230, 453, 114, 379, 349, 98, 38, 132, 11, 329, 67, 376, 457, 317, 313, 348, 257, 418, 269, 434, 204, 430, 444, 297, 237, 171, 213, 157, 110, 210, 156, 326, 121, 202, 304, 389, 463, 338, 279, 292, 327, 218, 88, 291, 271, 231, 294, 36, 328, 419, 13, 42, 186, 267, 50, 394, 139, 456, 196, 90, 427, 448, 69, 286, 381, 308, 387, 316, 289, 9, 195, 184]"
"128","224.21101069450378","76472.328125","79157.9985618781","[0, 74, 358, 285, 333, 249, 5, 137, 459, 262, 447, 281, 192, 223, 315, 411, 21, 284, 103, 118, 337, 234, 479, 193, 278, 99, 92, 245, 428, 130, 153, 95, 260, 322, 426, 388, 59, 420, 409, 405, 344, 58, 295, 183, 367, 431, 81, 104, 465, 124, 215, 342, 14, 54, 377, 71, 32, 393, 241, 467, 85, 115, 478, 484, 306, 443, 492, 470, 207, 385, 113, 410, 205, 485, 324, 265, 10, 131, 190, 481, 423, 27, 34, 391, 20, 356, 8, 259, 373, 347, 1, 44, 398, 450, 185, 406, 489, 250, 224, 248, 386, 175, 253, 396, 499, 203, 25, 416, 122, 274, 102, 239, 425, 252, 354, 359, 226, 155, 469, 382, 216, 283, 72, 370, 79, 23, 497, 135, 147, 417, 483, 273, 392, 244, 51, 3, 341, 143, 22, 82, 107, 280, 437, 127, 151, 442, 55, 364, 435, 395, 272, 228, 383, 496, 461, 268, 35, 480, 17, 78, 454, 97, 487, 145, 299, 37, 401, 238, 298, 70, 179, 261, 293, 407, 378, 200, 30, 165, 24, 464, 397, 301, 439, 339, 307, 91, 458, 490, 414, 80, 77, 452, 473, 41, 366, 462, 256, 162, 208, 287, 194, 474, 371, 477, 455, 62, 60, 332, 374, 144, 449, 225, 125, 498, 352, 340, 331, 353, 220, 181, 422, 412, 76, 242, 206, 201, 365, 166, 214, 177, 403, 39, 276, 180, 475, 277, 19, 488, 408, 355, 345, 163, 227, 424, 432, 494, 61, 89, 350, 436, 310, 150, 320, 188, 6, 106, 169, 198, 40, 29, 46, 446, 247, 357, 336, 57, 399, 421, 189, 148, 160, 433, 66, 158, 222, 468, 476, 56, 482, 167, 229, 154, 390, 191, 212, 149, 472, 343, 246, 126, 28, 4, 288, 369, 16, 258, 254, 182, 159, 134, 251, 255, 384, 335, 360, 120, 415, 235, 75, 64, 441, 136, 119, 33, 346, 161, 63, 84, 217, 211, 109, 305, 325, 7, 372, 368, 282, 187, 240, 438, 123, 296, 402, 164, 140, 451, 174, 275, 221, 404, 129, 199, 495, 429, 94, 83, 142, 314, 233, 243, 116, 466, 87, 264, 445, 112, 380, 330, 318, 400, 413, 172, 12, 375, 105, 263, 361, 197, 117, 290, 26, 47, 128, 43, 133, 362, 334, 311, 440, 31, 232, 48, 141, 493, 101, 486, 312, 460, 176, 49, 270, 15, 111, 491, 65, 86, 53, 302, 108, 319, 93, 52, 471, 209, 100, 266, 146, 363, 73, 300, 68, 219, 152, 351, 173, 18, 321, 323, 138, 236, 168, 170, 303, 178, 96, 2, 309, 45, 230, 453, 114, 379, 349, 98, 38, 132, 11, 329, 67, 376, 457, 317, 313, 348, 257, 418, 269, 434, 204, 430, 444, 297, 237, 171, 213, 157, 110, 210, 156, 326, 121, 202, 304, 389, 463, 338, 279, 292, 327, 218, 88, 291, 271, 231, 294, 36, 328, 419, 13, 42, 186, 267, 50, 394, 139, 456, 196, 90, 427, 448, 69, 286, 381, 308, 387, 316, 289, 9, 195, 184]"
"129","225.97718358039856","76472.328125","79114.30686411691","[0, 74, 358, 285, 333, 249, 5, 137, 459, 262, 447, 281, 192, 223, 315, 411, 21, 284, 103, 118, 337, 234, 479, 193, 278, 99, 92, 245, 428, 130, 153, 95, 260, 322, 426, 388, 59, 420, 409, 405, 344, 58, 295, 183, 367, 431, 81, 104, 465, 124, 215, 342, 14, 54, 377, 71, 32, 393, 241, 467, 85, 115, 478, 484, 306, 443, 492, 470, 207, 385, 113, 410, 205, 485, 324, 265, 10, 131, 190, 481, 423, 27, 34, 391, 20, 356, 8, 259, 373, 347, 1, 44, 398, 450, 185, 406, 489, 250, 224, 248, 386, 175, 253, 396, 499, 203, 25, 416, 122, 274, 102, 239, 425, 252, 354, 359, 226, 155, 469, 382, 216, 283, 72, 370, 79, 23, 497, 135, 147, 417, 483, 273, 392, 244, 51, 3, 341, 143, 22, 82, 107, 280, 437, 127, 151, 442, 55, 364, 435, 395, 272, 228, 383, 496, 461, 268, 35, 480, 17, 78, 454, 97, 487, 145, 299, 37, 401, 238, 298, 70, 179, 261, 293, 407, 378, 200, 30, 165, 24, 464, 397, 301, 439, 339, 307, 91, 458, 490, 414, 80, 77, 452, 473, 41, 366, 462, 256, 162, 208, 287, 194, 474, 371, 477, 455, 62, 60, 332, 374, 144, 449, 225, 125, 498, 352, 340, 331, 353, 220, 181, 422, 412, 76, 242, 206, 201, 365, 166, 214, 177, 403, 39, 276, 180, 475, 277, 19, 488, 408, 355, 345, 163, 227, 424, 432, 494, 61, 89, 350, 436, 310, 150, 320, 188, 6, 106, 169, 198, 40, 29, 46, 446, 247, 357, 336, 57, 399, 421, 189, 148, 160, 433, 66, 158, 222, 468, 476, 56, 482, 167, 229, 154, 390, 191, 212, 149, 472, 343, 246, 126, 28, 4, 288, 369, 16, 258, 254, 182, 159, 134, 251, 255, 384, 335, 360, 120, 415, 235, 75, 64, 441, 136, 119, 33, 346, 161, 63, 84, 217, 211, 109, 305, 325, 7, 372, 368, 282, 187, 240, 438, 123, 296, 402, 164, 140, 451, 174, 275, 221, 404, 129, 199, 495, 429, 94, 83, 142, 314, 233, 243, 116, 466, 87, 264, 445, 112, 380, 330, 318, 400, 413, 172, 12, 375, 105, 263, 361, 197, 117, 290, 26, 47, 128, 43, 133, 362, 334, 311, 440, 31, 232, 48, 141, 493, 101, 486, 312, 460, 176, 49, 270, 15, 111, 491, 65, 86, 53, 302, 108, 319, 93, 52, 471, 209, 100, 266, 146, 363, 73, 300, 68, 219, 152, 351, 173, 18, 321, 323, 138, 236, 168, 170, 303, 178, 96, 2, 309, 45, 230, 453, 114, 379, 349, 98, 38, 132, 11, 329, 67, 376, 457, 317, 313, 348, 257, 418, 269, 434, 204, 430, 444, 297, 237, 171, 213, 157, 110, 210, 156, 326, 121, 202, 304, 389, 463, 338, 279, 292, 327, 218, 88, 291, 271, 231, 294, 36, 328, 419, 13, 42, 186, 267, 50, 394, 139, 456, 196, 90, 427, 448, 69, 286, 381, 308, 387, 316, 289, 9, 195, 184]"
"130","227.73682856559753","76472.328125","80001.48557991293","[0, 74, 358, 285, 333, 249, 5, 137, 459, 262, 447, 281, 192, 223, 315, 411, 21, 284, 103, 118, 337, 234, 479, 193, 278, 99, 92, 245, 428, 130, 153, 95, 260, 322, 426, 388, 59, 420, 409, 405, 344, 58, 295, 183, 367, 431, 81, 104, 465, 124, 215, 342, 14, 54, 377, 71, 32, 393, 241, 467, 85, 115, 478, 484, 306, 443, 492, 470, 207, 385, 113, 410, 205, 485, 324, 265, 10, 131, 190, 481, 423, 27, 34, 391, 20, 356, 8, 259, 373, 347, 1, 44, 398, 450, 185, 406, 489, 250, 224, 248, 386, 175, 253, 396, 499, 203, 25, 416, 122, 274, 102, 239, 425, 252, 354, 359, 226, 155, 469, 382, 216, 283, 72, 370, 79, 23, 497, 135, 147, 417, 483, 273, 392, 244, 51, 3, 341, 143, 22, 82, 107, 280, 437, 127, 151, 442, 55, 364, 435, 395, 272, 228, 383, 496, 461, 268, 35, 480, 17, 78, 454, 97, 487, 145, 299, 37, 401, 238, 298, 70, 179, 261, 293, 407, 378, 200, 30, 165, 24, 464, 397, 301, 439, 339, 307, 91, 458, 490, 414, 80, 77, 452, 473, 41, 366, 462, 256, 162, 208, 287, 194, 474, 371, 477, 455, 62, 60, 332, 374, 144, 449, 225, 125, 498, 352, 340, 331, 353, 220, 181, 422, 412, 76, 242, 206, 201, 365, 166, 214, 177, 403, 39, 276, 180, 475, 277, 19, 488, 408, 355, 345, 163, 227, 424, 432, 494, 61, 89, 350, 436, 310, 150, 320, 188, 6, 106, 169, 198, 40, 29, 46, 446, 247, 357, 336, 57, 399, 421, 189, 148, 160, 433, 66, 158, 222, 468, 476, 56, 482, 167, 229, 154, 390, 191, 212, 149, 472, 343, 246, 126, 28, 4, 288, 369, 16, 258, 254, 182, 159, 134, 251, 255, 384, 335, 360, 120, 415, 235, 75, 64, 441, 136, 119, 33, 346, 161, 63, 84, 217, 211, 109, 305, 325, 7, 372, 368, 282, 187, 240, 438, 123, 296, 402, 164, 140, 451, 174, 275, 221, 404, 129, 199, 495, 429, 94, 83, 142, 314, 233, 243, 116, 466, 87, 264, 445, 112, 380, 330, 318, 400, 413, 172, 12, 375, 105, 263, 361, 197, 117, 290, 26, 47, 128, 43, 133, 362, 334, 311, 440, 31, 232, 48, 141, 493, 101, 486, 312, 460, 176, 49, 270, 15, 111, 491, 65, 86, 53, 302, 108, 319, 93, 52, 471, 209, 100, 266, 146, 363, 73, 300, 68, 219, 152, 351, 173, 18, 321, 323, 138, 236, 168, 170, 303, 178, 96, 2, 309, 45, 230, 453, 114, 379, 349, 98, 38, 132, 11, 329, 67, 376, 457, 317, 313, 348, 257, 418, 269, 434, 204, 430, 444, 297, 237, 171, 213, 157, 110, 210, 156, 326, 121, 202, 304, 389, 463, 338, 279, 292, 327, 218, 88, 291, 271, 231, 294, 36, 328, 419, 13, 42, 186, 267, 50, 394, 139, 456, 196, 90, 427, 448, 69, 286, 381, 308, 387, 316, 289, 9, 195, 184]"
"131","229.49913835525513","76472.328125","80367.66756063433","[0, 74, 358, 285, 333, 249, 5, 137, 459, 262, 447, 281, 192, 223, 315, 411, 21, 284, 103, 118, 337, 234, 479, 193, 278, 99, 92, 245, 428, 130, 153, 95, 260, 322, 426, 388, 59, 420, 409, 405, 344, 58, 295, 183, 367, 431, 81, 104, 465, 124, 215, 342, 14, 54, 377, 71, 32, 393, 241, 467, 85, 115, 478, 484, 306, 443, 492, 470, 207, 385, 113, 410, 205, 485, 324, 265, 10, 131, 190, 481, 423, 27, 34, 391, 20, 356, 8, 259, 373, 347, 1, 44, 398, 450, 185, 406, 489, 250, 224, 248, 386, 175, 253, 396, 499, 203, 25, 416, 122, 274, 102, 239, 425, 252, 354, 359, 226, 155, 469, 382, 216, 283, 72, 370, 79, 23, 497, 135, 147, 417, 483, 273, 392, 244, 51, 3, 341, 143, 22, 82, 107, 280, 437, 127, 151, 442, 55, 364, 435, 395, 272, 228, 383, 496, 461, 268, 35, 480, 17, 78, 454, 97, 487, 145, 299, 37, 401, 238, 298, 70, 179, 261, 293, 407, 378, 200, 30, 165, 24, 464, 397, 301, 439, 339, 307, 91, 458, 490, 414, 80, 77, 452, 473, 41, 366, 462, 256, 162, 208, 287, 194, 474, 371, 477, 455, 62, 60, 332, 374, 144, 449, 225, 125, 498, 352, 340, 331, 353, 220, 181, 422, 412, 76, 242, 206, 201, 365, 166, 214, 177, 403, 39, 276, 180, 475, 277, 19, 488, 408, 355, 345, 163, 227, 424, 432, 494, 61, 89, 350, 436, 310, 150, 320, 188, 6, 106, 169, 198, 40, 29, 46, 446, 247, 357, 336, 57, 399, 421, 189, 148, 160, 433, 66, 158, 222, 468, 476, 56, 482, 167, 229, 154, 390, 191, 212, 149, 472, 343, 246, 126, 28, 4, 288, 369, 16, 258, 254, 182, 159, 134, 251, 255, 384, 335, 360, 120, 415, 235, 75, 64, 441, 136, 119, 33, 346, 161, 63, 84, 217, 211, 109, 305, 325, 7, 372, 368, 282, 187, 240, 438, 123, 296, 402, 164, 140, 451, 174, 275, 221, 404, 129, 199, 495, 429, 94, 83, 142, 314, 233, 243, 116, 466, 87, 264, 445, 112, 380, 330, 318, 400, 413, 172, 12, 375, 105, 263, 361, 197, 117, 290, 26, 47, 128, 43, 133, 362, 334, 311, 440, 31, 232, 48, 141, 493, 101, 486, 312, 460, 176, 49, 270, 15, 111, 491, 65, 86, 53, 302, 108, 319, 93, 52, 471, 209, 100, 266, 146, 363, 73, 300, 68, 219, 152, 351, 173, 18, 321, 323, 138, 236, 168, 170, 303, 178, 96, 2, 309, 45, 230, 453, 114, 379, 349, 98, 38, 132, 11, 329, 67, 376, 457, 317, 313, 348, 257, 418, 269, 434, 204, 430, 444, 297, 237, 171, 213, 157, 110, 210, 156, 326, 121, 202, 304, 389, 463, 338, 279, 292, 327, 218, 88, 291, 271, 231, 294, 36, 328, 419, 13, 42, 186, 267, 50, 394, 139, 456, 196, 90, 427, 448, 69, 286, 381, 308, 387, 316, 289, 9, 195, 184]"
"132","231.25807690620422","76472.328125","80117.30169465175","[0, 74, 358, 285, 333, 249, 5, 137, 459, 262, 447, 281, 192, 223, 315, 411, 21, 284, 103, 118, 337, 234, 479, 193, 278, 99, 92, 245, 428, 130, 153, 95, 260, 322, 426, 388, 59, 420, 409, 405, 344, 58, 295, 183, 367, 431, 81, 104, 465, 124, 215, 342, 14, 54, 377, 71, 32, 393, 241, 467, 85, 115, 478, 484, 306, 443, 492, 470, 207, 385, 113, 410, 205, 485, 324, 265, 10, 131, 190, 481, 423, 27, 34, 391, 20, 356, 8, 259, 373, 347, 1, 44, 398, 450, 185, 406, 489, 250, 224, 248, 386, 175, 253, 396, 499, 203, 25, 416, 122, 274, 102, 239, 425, 252, 354, 359, 226, 155, 469, 382, 216, 283, 72, 370, 79, 23, 497, 135, 147, 417, 483, 273, 392, 244, 51, 3, 341, 143, 22, 82, 107, 280, 437, 127, 151, 442, 55, 364, 435, 395, 272, 228, 383, 496, 461, 268, 35, 480, 17, 78, 454, 97, 487, 145, 299, 37, 401, 238, 298, 70, 179, 261, 293, 407, 378, 200, 30, 165, 24, 464, 397, 301, 439, 339, 307, 91, 458, 490, 414, 80, 77, 452, 473, 41, 366, 462, 256, 162, 208, 287, 194, 474, 371, 477, 455, 62, 60, 332, 374, 144, 449, 225, 125, 498, 352, 340, 331, 353, 220, 181, 422, 412, 76, 242, 206, 201, 365, 166, 214, 177, 403, 39, 276, 180, 475, 277, 19, 488, 408, 355, 345, 163, 227, 424, 432, 494, 61, 89, 350, 436, 310, 150, 320, 188, 6, 106, 169, 198, 40, 29, 46, 446, 247, 357, 336, 57, 399, 421, 189, 148, 160, 433, 66, 158, 222, 468, 476, 56, 482, 167, 229, 154, 390, 191, 212, 149, 472, 343, 246, 126, 28, 4, 288, 369, 16, 258, 254, 182, 159, 134, 251, 255, 384, 335, 360, 120, 415, 235, 75, 64, 441, 136, 119, 33, 346, 161, 63, 84, 217, 211, 109, 305, 325, 7, 372, 368, 282, 187, 240, 438, 123, 296, 402, 164, 140, 451, 174, 275, 221, 404, 129, 199, 495, 429, 94, 83, 142, 314, 233, 243, 116, 466, 87, 264, 445, 112, 380, 330, 318, 400, 413, 172, 12, 375, 105, 263, 361, 197, 117, 290, 26, 47, 128, 43, 133, 362, 334, 311, 440, 31, 232, 48, 141, 493, 101, 486, 312, 460, 176, 49, 270, 15, 111, 491, 65, 86, 53, 302, 108, 319, 93, 52, 471, 209, 100, 266, 146, 363, 73, 300, 68, 219, 152, 351, 173, 18, 321, 323, 138, 236, 168, 170, 303, 178, 96, 2, 309, 45, 230, 453, 114, 379, 349, 98, 38, 132, 11, 329, 67, 376, 457, 317, 313, 348, 257, 418, 269, 434, 204, 430, 444, 297, 237, 171, 213, 157, 110, 210, 156, 326, 121, 202, 304, 389, 463, 338, 279, 292, 327, 218, 88, 291, 271, 231, 294, 36, 328, 419, 13, 42, 186, 267, 50, 394, 139, 456, 196, 90, 427, 448, 69, 286, 381, 308, 387, 316, 289, 9, 195, 184]"
"133","233.0205476284027","76472.328125","80068.52437033581","[0, 74, 358, 285, 333, 249, 5, 137, 459, 262, 447, 281, 192, 223, 315, 411, 21, 284, 103, 118, 337, 234, 479, 193, 278, 99, 92, 245, 428, 130, 153, 95, 260, 322, 426, 388, 59, 420, 409, 405, 344, 58, 295, 183, 367, 431, 81, 104, 465, 124, 215, 342, 14, 54, 377, 71, 32, 393, 241, 467, 85, 115, 478, 484, 306, 443, 492, 470, 207, 385, 113, 410, 205, 485, 324, 265, 10, 131, 190, 481, 423, 27, 34, 391, 20, 356, 8, 259, 373, 347, 1, 44, 398, 450, 185, 406, 489, 250, 224, 248, 386, 175, 253, 396, 499, 203, 25, 416, 122, 274, 102, 239, 425, 252, 354, 359, 226, 155, 469, 382, 216, 283, 72, 370, 79, 23, 497, 135, 147, 417, 483, 273, 392, 244, 51, 3, 341, 143, 22, 82, 107, 280, 437, 127, 151, 442, 55, 364, 435, 395, 272, 228, 383, 496, 461, 268, 35, 480, 17, 78, 454, 97, 487, 145, 299, 37, 401, 238, 298, 70, 179, 261, 293, 407, 378, 200, 30, 165, 24, 464, 397, 301, 439, 339, 307, 91, 458, 490, 414, 80, 77, 452, 473, 41, 366, 462, 256, 162, 208, 287, 194, 474, 371, 477, 455, 62, 60, 332, 374, 144, 449, 225, 125, 498, 352, 340, 331, 353, 220, 181, 422, 412, 76, 242, 206, 201, 365, 166, 214, 177, 403, 39, 276, 180, 475, 277, 19, 488, 408, 355, 345, 163, 227, 424, 432, 494, 61, 89, 350, 436, 310, 150, 320, 188, 6, 106, 169, 198, 40, 29, 46, 446, 247, 357, 336, 57, 399, 421, 189, 148, 160, 433, 66, 158, 222, 468, 476, 56, 482, 167, 229, 154, 390, 191, 212, 149, 472, 343, 246, 126, 28, 4, 288, 369, 16, 258, 254, 182, 159, 134, 251, 255, 384, 335, 360, 120, 415, 235, 75, 64, 441, 136, 119, 33, 346, 161, 63, 84, 217, 211, 109, 305, 325, 7, 372, 368, 282, 187, 240, 438, 123, 296, 402, 164, 140, 451, 174, 275, 221, 404, 129, 199, 495, 429, 94, 83, 142, 314, 233, 243, 116, 466, 87, 264, 445, 112, 380, 330, 318, 400, 413, 172, 12, 375, 105, 263, 361, 197, 117, 290, 26, 47, 128, 43, 133, 362, 334, 311, 440, 31, 232, 48, 141, 493, 101, 486, 312, 460, 176, 49, 270, 15, 111, 491, 65, 86, 53, 302, 108, 319, 93, 52, 471, 209, 100, 266, 146, 363, 73, 300, 68, 219, 152, 351, 173, 18, 321, 323, 138, 236, 168, 170, 303, 178, 96, 2, 309, 45, 230, 453, 114, 379, 349, 98, 38, 132, 11, 329, 67, 376, 457, 317, 313, 348, 257, 418, 269, 434, 204, 430, 444, 297, 237, 171, 213, 157, 110, 210, 156, 326, 121, 202, 304, 389, 463, 338, 279, 292, 327, 218, 88, 291, 271, 231, 294, 36, 328, 419, 13, 42, 186, 267, 50, 394, 139, 456, 196, 90, 427, 448, 69, 286, 381, 308, 387, 316, 289, 9, 195, 184]"
