"iteration","time","best-fitness","average-fitness","best-genome"
"0","0.0","138177.640625","inf","[0, 41, 665, 33, 374, 569, 435, 211, 373, 652, 229, 719, 696, 347, 56, 554, 371, 729, 199, 217, 600, 526, 237, 44, 712, 106, 631, 700, 195, 439, 734, 78, 434, 378, 72, 677, 76, 570, 314, 181, 333, 636, 24, 61, 243, 223, 190, 709, 406, 390, 509, 251, 653, 220, 587, 38, 335, 368, 522, 545, 582, 45, 747, 715, 240, 661, 13, 62, 284, 403, 136, 529, 450, 205, 566, 172, 246, 185, 267, 455, 519, 617, 679, 461, 544, 28, 1, 457, 618, 241, 384, 307, 287, 514, 530, 553, 558, 742, 671, 332, 615, 206, 604, 22, 85, 658, 630, 53, 31, 52, 562, 178, 356, 208, 568, 532, 254, 714, 120, 565, 201, 589, 394, 29, 274, 463, 326, 142, 563, 327, 302, 410, 557, 291, 518, 12, 391, 276, 266, 54, 297, 414, 90, 242, 365, 657, 283, 34, 36, 103, 607, 650, 510, 506, 224, 362, 505, 312, 697, 346, 624, 173, 561, 301, 342, 74, 328, 572, 576, 370, 105, 413, 469, 642, 277, 541, 164, 540, 364, 104, 37, 183, 459, 440, 317, 550, 546, 252, 431, 725, 648, 746, 511, 42, 487, 294, 515, 369, 352, 192, 548, 94, 664, 325, 116, 425, 4, 207, 438, 502, 359, 454, 2, 432, 527, 626, 122, 295, 599, 404, 209, 493, 354, 377, 528, 60, 148, 736, 305, 523, 98, 655, 535, 478, 367, 674, 628, 157, 300, 480, 483, 594, 231, 571, 693, 137, 641, 330, 639, 705, 204, 102, 366, 275, 380, 549, 556, 25, 194, 386, 15, 476, 398, 126, 501, 542, 684, 560, 350, 726, 289, 227, 632, 269, 47, 497, 596, 259, 494, 703, 739, 500, 538, 163, 222, 732, 503, 702, 606, 421, 216, 721, 417, 462, 612, 101, 687, 256, 382, 99, 456, 385, 310, 355, 299, 110, 258, 591, 282, 159, 331, 127, 40, 345, 82, 286, 383, 125, 416, 162, 744, 619, 344, 281, 395, 32, 200, 616, 360, 145, 621, 171, 484, 280, 129, 682, 673, 247, 109, 713, 19, 603, 123, 260, 196, 188, 7, 257, 212, 520, 698, 614, 691, 595, 666, 388, 134, 470, 643, 701, 508, 727, 686, 49, 397, 428, 564, 357, 399, 590, 611, 678, 699, 622, 153, 278, 57, 361, 586, 112, 177, 683, 228, 322, 215, 672, 581, 50, 610, 517, 43, 737, 203, 584, 150, 230, 408, 465, 443, 236, 152, 86, 376, 293, 491, 234, 6, 296, 667, 387, 20, 555, 21, 547, 685, 121, 268, 133, 338, 471, 30, 341, 392, 430, 598, 580, 660, 9, 63, 669, 411, 627, 95, 676, 202, 704, 232, 186, 166, 420, 39, 640, 292, 198, 436, 179, 473, 321, 167, 475, 486, 225, 262, 422, 66, 168, 197, 26, 654, 221, 340, 735, 176, 304, 466, 175, 59, 113, 189, 73, 3, 559, 738, 51, 634, 320, 141, 625, 583, 156, 446, 424, 81, 623, 680, 349, 651, 407, 337, 288, 426, 261, 578, 363, 601, 248, 412, 184, 552, 749, 504, 272, 748, 659, 402, 400, 573, 437, 605, 593, 351, 588, 144, 174, 245, 96, 14, 93, 273, 405, 83, 637, 114, 118, 418, 663, 496, 89, 498, 8, 131, 597, 263, 55, 716, 372, 324, 694, 290, 488, 525, 492, 161, 23, 353, 182, 329, 253, 149, 464, 115, 499, 516, 533, 339, 688, 608, 80, 46, 265, 706, 70, 313, 733, 218, 35, 482, 210, 309, 58, 17, 169, 512, 531, 138, 656, 139, 419, 692, 575, 613, 722, 441, 646, 423, 303, 255, 711, 710, 468, 100, 219, 458, 323, 264, 68, 745, 467, 485, 119, 409, 452, 27, 187, 567, 644, 170, 396, 130, 707, 389, 279, 193, 633, 720, 97, 226, 728, 91, 401, 146, 442, 79, 343, 675, 620, 117, 472, 64, 695, 490, 731, 577, 92, 18, 65, 479, 375, 537, 629, 539, 358, 128, 108, 474, 724, 124, 77, 444, 84, 214, 271, 481, 645, 379, 534, 507, 158, 429, 306, 717, 524, 585, 453, 427, 602, 741, 308, 71, 708, 160, 551, 730, 334, 285, 690, 381, 513, 718, 495, 521, 635, 11, 249, 574, 638, 111, 67, 270, 743, 336, 316, 536, 460, 319, 348, 233, 298, 723, 311, 393, 592, 477, 543, 165, 180, 681, 88, 16, 154, 451, 239, 445, 449, 649, 662, 48, 489, 670, 140, 668, 609, 107, 155, 75, 10, 433, 448, 415, 132, 250, 689, 213, 740, 579, 87, 191, 318, 143, 647, 447, 315, 244, 5, 235, 238, 135, 151, 69, 147]"
"1","0.6481189727783203","138003.828125","inf","[0, 41, 665, 33, 374, 569, 435, 211, 373, 652, 229, 719, 696, 347, 56, 554, 371, 729, 199, 217, 600, 526, 237, 44, 712, 106, 631, 700, 195, 439, 734, 78, 434, 378, 72, 677, 76, 570, 314, 181, 333, 636, 24, 61, 243, 223, 190, 709, 406, 390, 509, 251, 653, 220, 587, 38, 335, 368, 522, 545, 582, 45, 747, 715, 240, 661, 13, 62, 284, 403, 136, 529, 450, 205, 566, 172, 246, 185, 267, 455, 519, 617, 679, 461, 544, 28, 1, 457, 618, 241, 384, 307, 287, 514, 530, 553, 558, 742, 671, 332, 615, 206, 604, 22, 85, 658, 630, 53, 31, 52, 562, 178, 356, 208, 568, 532, 254, 714, 120, 565, 201, 589, 394, 29, 274, 463, 326, 142, 563, 327, 302, 410, 557, 291, 518, 12, 391, 276, 266, 54, 297, 414, 90, 242, 365, 657, 283, 34, 36, 103, 607, 650, 510, 506, 224, 362, 505, 312, 697, 346, 624, 173, 561, 301, 342, 74, 328, 572, 576, 370, 105, 413, 469, 642, 277, 541, 164, 540, 364, 104, 37, 183, 459, 440, 317, 550, 546, 252, 431, 725, 648, 746, 511, 42, 487, 294, 515, 369, 352, 192, 548, 94, 664, 325, 116, 425, 4, 207, 438, 502, 359, 454, 2, 432, 527, 626, 122, 295, 599, 404, 209, 493, 354, 377, 528, 60, 148, 736, 305, 523, 98, 655, 535, 478, 367, 674, 628, 157, 300, 480, 483, 594, 231, 571, 693, 137, 641, 330, 639, 705, 204, 102, 366, 275, 380, 549, 556, 25, 194, 386, 15, 476, 398, 126, 501, 542, 684, 560, 350, 726, 289, 227, 632, 269, 47, 497, 596, 259, 494, 703, 739, 500, 538, 163, 222, 732, 503, 702, 606, 421, 216, 721, 417, 462, 612, 101, 687, 256, 382, 99, 456, 385, 310, 355, 299, 110, 258, 591, 282, 159, 331, 127, 40, 345, 82, 286, 383, 125, 416, 162, 744, 619, 344, 281, 395, 32, 200, 616, 360, 145, 621, 171, 484, 280, 129, 682, 673, 247, 109, 713, 19, 603, 123, 260, 196, 188, 7, 257, 212, 520, 698, 614, 691, 595, 666, 388, 134, 470, 643, 701, 508, 397, 686, 727, 428, 564, 357, 49, 399, 590, 611, 678, 699, 622, 153, 278, 57, 361, 586, 112, 177, 683, 228, 322, 215, 672, 581, 50, 610, 517, 43, 737, 203, 584, 150, 230, 408, 465, 443, 236, 152, 86, 376, 293, 491, 234, 6, 296, 667, 387, 20, 555, 21, 547, 685, 121, 268, 133, 338, 471, 30, 341, 392, 430, 598, 580, 660, 9, 63, 669, 411, 627, 95, 676, 202, 704, 232, 186, 166, 420, 39, 640, 292, 198, 436, 179, 473, 321, 167, 475, 486, 225, 262, 422, 66, 168, 197, 26, 654, 221, 340, 735, 176, 304, 466, 175, 59, 113, 189, 73, 3, 559, 738, 51, 634, 320, 141, 625, 583, 156, 446, 424, 81, 623, 680, 349, 651, 407, 337, 288, 426, 261, 578, 363, 601, 248, 412, 184, 552, 749, 504, 272, 748, 659, 402, 400, 573, 437, 605, 593, 351, 588, 144, 174, 245, 96, 14, 93, 273, 405, 83, 637, 114, 118, 418, 663, 496, 89, 498, 8, 131, 597, 263, 55, 716, 372, 324, 694, 290, 488, 525, 492, 161, 23, 353, 182, 329, 253, 149, 464, 115, 499, 516, 533, 339, 688, 608, 80, 46, 265, 706, 70, 313, 733, 218, 35, 482, 210, 309, 58, 17, 169, 512, 531, 138, 656, 139, 419, 692, 575, 613, 722, 441, 646, 423, 303, 255, 711, 710, 468, 100, 219, 458, 323, 264, 68, 745, 467, 485, 119, 409, 452, 27, 187, 567, 644, 170, 396, 130, 707, 389, 279, 193, 633, 720, 97, 226, 728, 91, 401, 146, 442, 79, 343, 675, 620, 117, 472, 64, 695, 490, 731, 577, 92, 18, 65, 479, 375, 537, 629, 539, 358, 128, 108, 474, 724, 124, 77, 444, 84, 214, 271, 481, 645, 379, 534, 507, 158, 429, 306, 717, 524, 585, 453, 427, 602, 741, 308, 71, 708, 160, 551, 730, 334, 285, 690, 381, 513, 718, 495, 521, 635, 11, 249, 574, 638, 111, 67, 270, 743, 336, 316, 536, 460, 319, 348, 233, 298, 723, 311, 393, 592, 477, 543, 165, 180, 681, 88, 16, 154, 451, 239, 445, 449, 649, 662, 48, 489, 670, 140, 668, 609, 107, 155, 75, 10, 433, 448, 415, 132, 250, 689, 213, 740, 579, 87, 191, 318, 143, 647, 447, 315, 244, 5, 235, 238, 135, 151, 69, 147]"
"2","4.462413787841797","138003.828125","144469.73305348257","[0, 41, 665, 33, 374, 569, 435, 211, 373, 652, 229, 719, 696, 347, 56, 554, 371, 729, 199, 217, 600, 526, 237, 44, 712, 106, 631, 700, 195, 439, 734, 78, 434, 378, 72, 677, 76, 570, 314, 181, 333, 636, 24, 61, 243, 223, 190, 709, 406, 390, 509, 251, 653, 220, 587, 38, 335, 368, 522, 545, 582, 45, 747, 715, 240, 661, 13, 62, 284, 403, 136, 529, 450, 205, 566, 172, 246, 185, 267, 455, 519, 617, 679, 461, 544, 28, 1, 457, 618, 241, 384, 307, 287, 514, 530, 553, 558, 742, 671, 332, 615, 206, 604, 22, 85, 658, 630, 53, 31, 52, 562, 178, 356, 208, 568, 532, 254, 714, 120, 565, 201, 589, 394, 29, 274, 463, 326, 142, 563, 327, 302, 410, 557, 291, 518, 12, 391, 276, 266, 54, 297, 414, 90, 242, 365, 657, 283, 34, 36, 103, 607, 650, 510, 506, 224, 362, 505, 312, 697, 346, 624, 173, 561, 301, 342, 74, 328, 572, 576, 370, 105, 413, 469, 642, 277, 541, 164, 540, 364, 104, 37, 183, 459, 440, 317, 550, 546, 252, 431, 725, 648, 746, 511, 42, 487, 294, 515, 369, 352, 192, 548, 94, 664, 325, 116, 425, 4, 207, 438, 502, 359, 454, 2, 432, 527, 626, 122, 295, 599, 404, 209, 493, 354, 377, 528, 60, 148, 736, 305, 523, 98, 655, 535, 478, 367, 674, 628, 157, 300, 480, 483, 594, 231, 571, 693, 137, 641, 330, 639, 705, 204, 102, 366, 275, 380, 549, 556, 25, 194, 386, 15, 476, 398, 126, 501, 542, 684, 560, 350, 726, 289, 227, 632, 269, 47, 497, 596, 259, 494, 703, 739, 500, 538, 163, 222, 732, 503, 702, 606, 421, 216, 721, 417, 462, 612, 101, 687, 256, 382, 99, 456, 385, 310, 355, 299, 110, 258, 591, 282, 159, 331, 127, 40, 345, 82, 286, 383, 125, 416, 162, 744, 619, 344, 281, 395, 32, 200, 616, 360, 145, 621, 171, 484, 280, 129, 682, 673, 247, 109, 713, 19, 603, 123, 260, 196, 188, 7, 257, 212, 520, 698, 614, 691, 595, 666, 388, 134, 470, 643, 701, 508, 397, 686, 727, 428, 564, 357, 49, 399, 590, 611, 678, 699, 622, 153, 278, 57, 361, 586, 112, 177, 683, 228, 322, 215, 672, 581, 50, 610, 517, 43, 737, 203, 584, 150, 230, 408, 465, 443, 236, 152, 86, 376, 293, 491, 234, 6, 296, 667, 387, 20, 555, 21, 547, 685, 121, 268, 133, 338, 471, 30, 341, 392, 430, 598, 580, 660, 9, 63, 669, 411, 627, 95, 676, 202, 704, 232, 186, 166, 420, 39, 640, 292, 198, 436, 179, 473, 321, 167, 475, 486, 225, 262, 422, 66, 168, 197, 26, 654, 221, 340, 735, 176, 304, 466, 175, 59, 113, 189, 73, 3, 559, 738, 51, 634, 320, 141, 625, 583, 156, 446, 424, 81, 623, 680, 349, 651, 407, 337, 288, 426, 261, 578, 363, 601, 248, 412, 184, 552, 749, 504, 272, 748, 659, 402, 400, 573, 437, 605, 593, 351, 588, 144, 174, 245, 96, 14, 93, 273, 405, 83, 637, 114, 118, 418, 663, 496, 89, 498, 8, 131, 597, 263, 55, 716, 372, 324, 694, 290, 488, 525, 492, 161, 23, 353, 182, 329, 253, 149, 464, 115, 499, 516, 533, 339, 688, 608, 80, 46, 265, 706, 70, 313, 733, 218, 35, 482, 210, 309, 58, 17, 169, 512, 531, 138, 656, 139, 419, 692, 575, 613, 722, 441, 646, 423, 303, 255, 711, 710, 468, 100, 219, 458, 323, 264, 68, 745, 467, 485, 119, 409, 452, 27, 187, 567, 644, 170, 396, 130, 707, 389, 279, 193, 633, 720, 97, 226, 728, 91, 401, 146, 442, 79, 343, 675, 620, 117, 472, 64, 695, 490, 731, 577, 92, 18, 65, 479, 375, 537, 629, 539, 358, 128, 108, 474, 724, 124, 77, 444, 84, 214, 271, 481, 645, 379, 534, 507, 158, 429, 306, 717, 524, 585, 453, 427, 602, 741, 308, 71, 708, 160, 551, 730, 334, 285, 690, 381, 513, 718, 495, 521, 635, 11, 249, 574, 638, 111, 67, 270, 743, 336, 316, 536, 460, 319, 348, 233, 298, 723, 311, 393, 592, 477, 543, 165, 180, 681, 88, 16, 154, 451, 239, 445, 449, 649, 662, 48, 489, 670, 140, 668, 609, 107, 155, 75, 10, 433, 448, 415, 132, 250, 689, 213, 740, 579, 87, 191, 318, 143, 647, 447, 315, 244, 5, 235, 238, 135, 151, 69, 147]"
"3","8.282649993896484","137769.84375","143742.58310012438","[0, 41, 665, 33, 374, 569, 435, 211, 373, 652, 229, 719, 696, 347, 56, 554, 371, 729, 199, 217, 600, 526, 237, 44, 712, 106, 631, 700, 195, 439, 734, 78, 434, 378, 72, 677, 76, 570, 314, 181, 333, 636, 24, 61, 243, 223, 190, 709, 406, 390, 509, 251, 653, 220, 587, 38, 335, 368, 522, 545, 582, 45, 747, 715, 240, 661, 13, 62, 284, 403, 136, 529, 450, 205, 566, 172, 246, 185, 267, 455, 519, 617, 679, 461, 544, 28, 1, 457, 618, 241, 384, 307, 287, 514, 530, 553, 558, 742, 671, 332, 615, 206, 604, 22, 85, 658, 630, 53, 31, 52, 562, 178, 356, 208, 568, 532, 254, 714, 120, 565, 201, 589, 394, 29, 274, 463, 326, 142, 563, 327, 302, 410, 557, 291, 518, 12, 391, 276, 266, 54, 297, 414, 90, 242, 365, 657, 283, 34, 36, 103, 607, 650, 510, 506, 224, 362, 505, 312, 697, 346, 624, 173, 561, 301, 342, 74, 328, 572, 576, 370, 105, 413, 469, 642, 277, 541, 164, 540, 364, 104, 37, 183, 459, 440, 317, 550, 546, 252, 431, 725, 648, 746, 511, 42, 487, 294, 515, 369, 352, 192, 548, 94, 664, 325, 116, 425, 4, 207, 438, 502, 359, 454, 2, 432, 527, 626, 122, 295, 599, 404, 209, 493, 354, 377, 528, 60, 148, 736, 305, 523, 98, 655, 535, 478, 367, 674, 628, 157, 300, 480, 483, 594, 231, 571, 693, 137, 641, 330, 639, 705, 204, 102, 366, 275, 380, 549, 556, 25, 194, 386, 15, 476, 398, 126, 501, 542, 684, 560, 350, 726, 289, 227, 632, 269, 47, 497, 596, 259, 494, 703, 739, 500, 538, 163, 222, 732, 503, 702, 606, 421, 216, 721, 417, 462, 612, 101, 687, 256, 382, 99, 456, 385, 310, 355, 299, 110, 258, 591, 282, 159, 331, 127, 40, 345, 82, 286, 383, 125, 416, 162, 744, 619, 344, 281, 395, 32, 200, 616, 360, 145, 621, 171, 484, 280, 129, 682, 673, 247, 109, 713, 19, 603, 123, 260, 196, 188, 7, 257, 212, 520, 698, 614, 691, 595, 666, 388, 134, 470, 643, 701, 508, 686, 357, 727, 49, 397, 428, 564, 399, 590, 611, 678, 699, 622, 153, 278, 57, 361, 586, 112, 177, 683, 228, 322, 215, 672, 581, 50, 610, 517, 43, 737, 203, 584, 150, 230, 408, 465, 443, 236, 152, 86, 376, 293, 491, 234, 6, 296, 667, 387, 20, 555, 21, 547, 685, 121, 268, 133, 338, 471, 30, 341, 392, 430, 598, 580, 660, 9, 63, 669, 411, 627, 95, 676, 202, 704, 232, 186, 166, 420, 39, 640, 292, 198, 436, 179, 473, 321, 167, 475, 486, 225, 262, 422, 66, 168, 197, 26, 654, 221, 340, 735, 176, 304, 466, 175, 59, 113, 189, 73, 3, 559, 738, 51, 634, 320, 141, 625, 583, 156, 446, 424, 81, 623, 680, 349, 651, 407, 337, 288, 426, 261, 578, 363, 601, 248, 412, 184, 552, 749, 504, 272, 748, 659, 402, 400, 573, 437, 605, 593, 351, 588, 144, 174, 245, 96, 14, 93, 273, 405, 83, 637, 114, 118, 418, 663, 496, 89, 498, 8, 131, 597, 263, 55, 716, 372, 324, 694, 290, 488, 525, 492, 161, 23, 353, 182, 329, 253, 149, 464, 115, 499, 516, 533, 339, 688, 608, 80, 46, 265, 706, 70, 313, 733, 218, 35, 482, 210, 309, 58, 17, 169, 512, 531, 138, 656, 139, 419, 692, 575, 613, 722, 441, 646, 423, 303, 255, 711, 710, 468, 100, 219, 458, 323, 264, 68, 745, 467, 485, 119, 409, 452, 27, 187, 567, 644, 170, 396, 130, 707, 389, 279, 193, 633, 720, 97, 226, 728, 91, 401, 146, 442, 79, 343, 675, 620, 117, 472, 64, 695, 490, 731, 577, 92, 18, 65, 479, 375, 537, 629, 539, 358, 128, 108, 474, 724, 124, 77, 444, 84, 214, 271, 481, 645, 379, 534, 507, 158, 429, 306, 717, 524, 585, 453, 427, 602, 741, 308, 71, 708, 160, 551, 730, 334, 285, 690, 381, 513, 718, 495, 521, 635, 11, 249, 574, 638, 111, 67, 270, 743, 336, 316, 536, 460, 319, 348, 233, 298, 723, 311, 393, 592, 477, 543, 165, 180, 681, 88, 16, 154, 451, 239, 445, 449, 649, 662, 48, 489, 670, 140, 668, 609, 107, 155, 75, 10, 433, 448, 415, 132, 250, 689, 213, 740, 579, 87, 191, 318, 143, 647, 447, 315, 244, 5, 235, 238, 135, 151, 69, 147]"
"4","12.094632863998413","137659.65625","143176.40951492538","[0, 41, 665, 33, 374, 569, 435, 211, 373, 652, 229, 719, 696, 347, 56, 554, 371, 729, 199, 217, 600, 526, 237, 44, 712, 106, 631, 700, 195, 439, 734, 78, 434, 378, 72, 677, 76, 570, 314, 181, 333, 636, 24, 61, 243, 223, 190, 709, 406, 390, 509, 251, 653, 220, 587, 38, 335, 368, 522, 545, 582, 45, 747, 715, 240, 661, 13, 62, 284, 403, 136, 529, 450, 205, 566, 172, 246, 185, 267, 455, 519, 617, 679, 461, 544, 28, 1, 457, 618, 241, 384, 307, 287, 514, 530, 553, 558, 742, 671, 332, 615, 206, 604, 22, 85, 658, 630, 53, 31, 52, 562, 178, 356, 208, 568, 532, 254, 714, 120, 565, 201, 589, 394, 29, 274, 463, 326, 142, 563, 327, 302, 410, 557, 291, 518, 12, 391, 276, 266, 54, 297, 414, 90, 242, 365, 657, 283, 34, 36, 103, 607, 650, 510, 506, 224, 362, 505, 312, 697, 346, 624, 173, 561, 301, 342, 74, 328, 572, 576, 370, 105, 413, 469, 642, 277, 541, 164, 540, 364, 104, 37, 183, 459, 440, 317, 550, 546, 252, 431, 725, 648, 746, 511, 42, 487, 294, 515, 369, 352, 192, 548, 94, 664, 325, 116, 425, 4, 207, 438, 502, 359, 454, 2, 432, 527, 626, 122, 295, 599, 404, 209, 493, 354, 377, 528, 60, 148, 736, 305, 523, 98, 655, 535, 478, 367, 674, 628, 157, 300, 480, 483, 594, 231, 571, 693, 137, 641, 330, 639, 705, 204, 102, 366, 275, 380, 549, 556, 25, 194, 386, 15, 476, 398, 126, 501, 542, 684, 560, 350, 726, 289, 227, 632, 269, 47, 497, 596, 259, 494, 703, 739, 500, 538, 163, 222, 732, 503, 702, 606, 421, 216, 721, 417, 462, 612, 101, 687, 256, 382, 99, 456, 385, 310, 355, 299, 110, 258, 591, 282, 159, 331, 127, 40, 345, 82, 286, 383, 125, 416, 162, 744, 619, 344, 281, 395, 32, 200, 616, 360, 145, 621, 171, 484, 280, 129, 682, 673, 247, 109, 713, 19, 603, 123, 260, 196, 188, 7, 257, 212, 614, 698, 595, 666, 691, 388, 520, 134, 470, 643, 701, 508, 686, 357, 727, 49, 397, 428, 564, 399, 590, 611, 678, 699, 622, 153, 278, 57, 361, 586, 112, 177, 683, 228, 322, 215, 672, 581, 50, 610, 517, 43, 737, 203, 584, 150, 230, 408, 465, 443, 236, 152, 86, 376, 293, 491, 234, 6, 296, 667, 387, 20, 555, 21, 547, 685, 121, 268, 133, 338, 471, 30, 341, 392, 430, 598, 580, 660, 9, 63, 669, 411, 627, 95, 676, 202, 704, 232, 186, 166, 420, 39, 640, 292, 198, 436, 179, 473, 321, 167, 475, 486, 225, 262, 422, 66, 168, 197, 26, 654, 221, 340, 735, 176, 304, 466, 175, 59, 113, 189, 73, 3, 559, 738, 51, 634, 320, 141, 625, 583, 156, 446, 424, 81, 623, 680, 349, 651, 407, 337, 288, 426, 261, 578, 363, 601, 248, 412, 184, 552, 749, 504, 272, 748, 659, 402, 400, 573, 437, 605, 593, 351, 588, 144, 174, 245, 96, 14, 93, 273, 405, 83, 637, 114, 118, 418, 663, 496, 89, 498, 8, 131, 597, 263, 55, 716, 372, 324, 694, 290, 488, 525, 492, 161, 23, 353, 182, 329, 253, 149, 464, 115, 499, 516, 533, 339, 688, 608, 80, 46, 265, 706, 70, 313, 733, 218, 35, 482, 210, 309, 58, 17, 169, 512, 531, 138, 656, 139, 419, 692, 575, 613, 722, 441, 646, 423, 303, 255, 711, 710, 468, 100, 219, 458, 323, 264, 68, 745, 467, 485, 119, 409, 452, 27, 187, 567, 644, 170, 396, 130, 707, 389, 279, 193, 633, 720, 97, 226, 728, 91, 401, 146, 442, 79, 343, 675, 620, 117, 472, 64, 695, 490, 731, 577, 92, 18, 65, 479, 375, 537, 629, 539, 358, 128, 108, 474, 724, 124, 77, 444, 84, 214, 271, 481, 645, 379, 534, 507, 158, 429, 306, 717, 524, 585, 453, 427, 602, 741, 308, 71, 708, 160, 551, 730, 334, 285, 690, 381, 513, 718, 495, 521, 635, 11, 249, 574, 638, 111, 67, 270, 743, 336, 316, 536, 460, 319, 348, 233, 298, 723, 311, 393, 592, 477, 543, 165, 180, 681, 88, 16, 154, 451, 239, 445, 449, 649, 662, 48, 489, 670, 140, 668, 609, 107, 155, 75, 10, 433, 448, 415, 132, 250, 689, 213, 740, 579, 87, 191, 318, 143, 647, 447, 315, 244, 5, 235, 238, 135, 151, 69, 147]"
"5","15.904805421829224","137435.625","142790.7600279851","[0, 41, 665, 33, 374, 569, 435, 211, 373, 652, 229, 719, 696, 347, 56, 554, 371, 729, 199, 217, 600, 526, 237, 44, 712, 106, 631, 700, 195, 439, 734, 78, 434, 378, 72, 677, 76, 570, 314, 181, 333, 636, 24, 61, 243, 223, 190, 709, 406, 390, 509, 251, 653, 220, 587, 38, 335, 368, 522, 545, 582, 45, 747, 715, 240, 661, 13, 62, 284, 403, 136, 529, 450, 205, 566, 172, 246, 185, 267, 455, 519, 617, 679, 461, 544, 28, 1, 457, 618, 241, 384, 307, 287, 514, 530, 553, 558, 742, 671, 332, 615, 206, 604, 22, 85, 658, 630, 53, 31, 52, 562, 178, 356, 208, 568, 532, 254, 714, 120, 565, 201, 589, 394, 29, 274, 463, 326, 142, 563, 327, 302, 410, 557, 291, 518, 12, 391, 276, 266, 54, 297, 414, 90, 242, 365, 657, 283, 34, 36, 103, 607, 650, 510, 506, 224, 362, 505, 312, 697, 346, 624, 173, 561, 301, 342, 74, 328, 572, 576, 370, 105, 413, 469, 642, 277, 541, 164, 540, 364, 104, 37, 183, 459, 440, 317, 550, 546, 252, 431, 725, 648, 746, 511, 42, 487, 294, 515, 369, 352, 192, 548, 94, 664, 325, 116, 425, 4, 207, 438, 502, 359, 454, 2, 432, 527, 626, 122, 295, 599, 404, 209, 493, 354, 377, 528, 60, 148, 736, 305, 523, 98, 655, 535, 478, 367, 674, 628, 157, 300, 480, 483, 594, 231, 571, 693, 137, 641, 330, 639, 705, 204, 102, 366, 275, 380, 549, 556, 25, 194, 386, 15, 476, 398, 126, 501, 542, 684, 560, 350, 726, 289, 227, 632, 269, 47, 497, 596, 259, 494, 703, 739, 500, 538, 163, 222, 732, 503, 702, 606, 421, 216, 721, 417, 462, 612, 101, 687, 256, 382, 99, 456, 385, 310, 355, 299, 110, 258, 591, 282, 159, 331, 127, 40, 345, 82, 286, 383, 125, 416, 162, 744, 619, 344, 281, 395, 32, 200, 616, 360, 145, 621, 171, 484, 280, 129, 682, 673, 247, 109, 713, 19, 603, 123, 260, 196, 188, 7, 257, 388, 212, 698, 691, 595, 666, 614, 520, 134, 470, 643, 701, 508, 397, 686, 727, 428, 564, 357, 49, 399, 590, 611, 678, 699, 622, 153, 361, 278, 57, 228, 586, 112, 177, 683, 322, 215, 672, 581, 50, 610, 517, 43, 737, 203, 584, 150, 230, 408, 465, 443, 236, 152, 86, 376, 293, 491, 234, 6, 296, 667, 387, 20, 555, 21, 547, 685, 121, 268, 133, 338, 471, 30, 341, 392, 430, 598, 580, 660, 9, 63, 669, 411, 627, 95, 676, 202, 704, 232, 186, 166, 420, 39, 640, 292, 198, 436, 179, 473, 321, 167, 475, 486, 225, 262, 422, 66, 168, 197, 26, 654, 221, 340, 735, 176, 304, 466, 175, 59, 113, 189, 73, 3, 559, 738, 51, 634, 320, 141, 625, 583, 156, 446, 424, 81, 623, 680, 349, 651, 407, 337, 288, 426, 261, 578, 363, 601, 248, 412, 184, 552, 749, 504, 272, 748, 659, 402, 400, 573, 437, 605, 593, 351, 588, 144, 174, 245, 96, 14, 93, 273, 405, 83, 637, 114, 118, 418, 663, 496, 89, 498, 8, 131, 597, 263, 55, 716, 372, 324, 694, 290, 488, 525, 492, 161, 23, 353, 182, 329, 253, 149, 464, 115, 499, 516, 533, 339, 688, 608, 80, 46, 265, 706, 70, 313, 733, 218, 35, 482, 210, 309, 58, 17, 169, 512, 531, 138, 656, 139, 419, 692, 575, 613, 722, 441, 646, 423, 303, 255, 711, 710, 468, 100, 219, 458, 323, 264, 68, 745, 467, 485, 119, 409, 452, 27, 187, 567, 644, 170, 396, 130, 707, 389, 279, 193, 633, 720, 97, 226, 728, 91, 401, 146, 442, 79, 343, 675, 620, 117, 472, 64, 695, 490, 731, 577, 92, 18, 65, 479, 375, 537, 629, 539, 358, 128, 108, 474, 724, 124, 77, 444, 84, 214, 271, 481, 645, 379, 534, 507, 158, 429, 306, 717, 524, 585, 453, 427, 602, 741, 308, 71, 708, 160, 551, 730, 334, 285, 690, 381, 513, 718, 495, 521, 635, 11, 249, 574, 638, 111, 67, 270, 743, 336, 316, 536, 460, 319, 348, 233, 298, 723, 311, 393, 592, 477, 543, 165, 180, 681, 88, 16, 154, 451, 239, 445, 449, 649, 662, 48, 489, 670, 140, 668, 609, 107, 155, 75, 10, 433, 448, 415, 132, 250, 689, 213, 740, 579, 87, 191, 318, 143, 647, 447, 315, 244, 5, 235, 238, 135, 151, 69, 147]"
"6","19.717098236083984","137112.109375","142523.03980099503","[0, 41, 665, 33, 374, 569, 435, 211, 373, 652, 229, 719, 696, 347, 56, 554, 371, 729, 199, 217, 600, 526, 237, 44, 712, 106, 631, 700, 195, 439, 734, 78, 434, 378, 72, 677, 76, 570, 314, 181, 333, 636, 24, 61, 243, 223, 190, 709, 406, 390, 509, 251, 653, 220, 587, 38, 335, 368, 522, 545, 582, 45, 747, 715, 240, 661, 13, 62, 284, 403, 136, 529, 450, 205, 566, 172, 246, 185, 267, 455, 519, 617, 679, 461, 544, 28, 1, 457, 618, 241, 384, 307, 287, 514, 530, 553, 558, 742, 671, 332, 615, 206, 604, 22, 85, 658, 630, 53, 31, 52, 562, 178, 356, 208, 568, 532, 254, 714, 120, 565, 201, 589, 394, 29, 274, 463, 326, 142, 563, 327, 302, 410, 557, 291, 518, 12, 391, 276, 266, 54, 297, 414, 90, 242, 365, 657, 283, 34, 36, 103, 607, 650, 510, 506, 224, 362, 505, 312, 697, 346, 624, 173, 561, 301, 342, 74, 328, 572, 576, 370, 105, 413, 469, 642, 277, 541, 164, 540, 364, 104, 37, 183, 459, 440, 317, 550, 546, 252, 431, 725, 648, 746, 511, 42, 487, 294, 515, 369, 352, 192, 548, 94, 664, 325, 116, 425, 4, 207, 438, 502, 359, 454, 2, 432, 527, 626, 122, 295, 599, 404, 209, 493, 354, 377, 528, 60, 148, 736, 305, 523, 98, 655, 535, 478, 367, 674, 628, 157, 300, 480, 483, 594, 231, 571, 693, 137, 641, 330, 639, 705, 204, 102, 366, 275, 380, 549, 556, 25, 194, 386, 15, 476, 398, 126, 501, 542, 684, 560, 350, 726, 289, 227, 632, 269, 47, 497, 596, 259, 494, 703, 739, 500, 538, 163, 222, 732, 503, 702, 606, 421, 216, 721, 417, 462, 612, 101, 687, 256, 382, 99, 456, 385, 310, 355, 299, 110, 258, 591, 282, 159, 331, 127, 40, 345, 82, 286, 383, 125, 416, 162, 744, 619, 344, 281, 395, 32, 200, 616, 360, 145, 621, 171, 484, 280, 129, 682, 673, 247, 109, 713, 19, 603, 123, 260, 196, 188, 7, 257, 388, 212, 698, 691, 595, 666, 614, 520, 134, 470, 643, 701, 508, 686, 727, 49, 397, 357, 428, 564, 399, 590, 611, 678, 699, 622, 153, 278, 57, 361, 586, 112, 177, 683, 228, 322, 215, 672, 581, 50, 610, 517, 43, 737, 203, 584, 150, 230, 408, 465, 443, 236, 152, 86, 376, 293, 491, 234, 6, 296, 667, 387, 20, 555, 21, 547, 685, 121, 268, 133, 338, 471, 30, 341, 392, 430, 598, 580, 660, 9, 63, 669, 411, 627, 95, 676, 202, 704, 232, 186, 166, 420, 39, 640, 292, 198, 436, 179, 473, 321, 167, 475, 486, 225, 262, 422, 66, 168, 197, 26, 654, 221, 340, 735, 176, 304, 466, 175, 59, 113, 189, 73, 3, 559, 738, 51, 634, 320, 141, 625, 583, 156, 446, 424, 81, 623, 680, 349, 651, 407, 337, 288, 426, 261, 578, 363, 601, 248, 412, 184, 552, 749, 504, 272, 748, 659, 402, 400, 573, 437, 605, 593, 351, 588, 144, 174, 245, 96, 14, 93, 273, 405, 83, 637, 114, 118, 418, 663, 496, 89, 498, 8, 131, 597, 263, 55, 716, 372, 324, 694, 290, 488, 525, 492, 161, 23, 353, 182, 329, 253, 149, 464, 115, 499, 516, 533, 339, 688, 608, 80, 46, 265, 706, 70, 313, 733, 218, 35, 482, 210, 309, 58, 17, 169, 512, 531, 138, 656, 139, 419, 692, 575, 613, 722, 441, 646, 423, 303, 255, 711, 710, 468, 100, 219, 458, 323, 264, 68, 745, 467, 485, 119, 409, 452, 27, 187, 567, 644, 170, 396, 130, 707, 389, 279, 193, 633, 720, 401, 146, 728, 226, 97, 91, 442, 79, 343, 675, 620, 117, 472, 64, 695, 490, 731, 577, 92, 18, 65, 479, 375, 537, 629, 539, 358, 128, 108, 474, 724, 124, 77, 444, 84, 214, 271, 481, 645, 379, 534, 507, 158, 429, 306, 717, 524, 585, 453, 427, 602, 741, 308, 71, 708, 160, 551, 730, 334, 285, 690, 381, 513, 718, 495, 521, 635, 11, 249, 574, 638, 111, 67, 270, 743, 336, 316, 536, 460, 319, 348, 233, 298, 723, 311, 393, 592, 477, 543, 165, 180, 681, 88, 16, 154, 451, 239, 445, 449, 649, 662, 48, 489, 670, 140, 668, 609, 107, 155, 75, 10, 433, 448, 415, 132, 250, 689, 213, 740, 579, 87, 191, 318, 143, 647, 447, 315, 244, 5, 235, 238, 135, 151, 69, 147]"
"7","23.523221731185913","136951.84375","142181.223880597","[0, 41, 665, 33, 374, 569, 435, 211, 373, 652, 229, 719, 696, 347, 56, 554, 371, 729, 199, 217, 600, 526, 237, 44, 712, 106, 631, 700, 195, 439, 734, 78, 434, 378, 72, 677, 76, 570, 314, 181, 333, 636, 24, 61, 243, 223, 190, 709, 406, 390, 509, 251, 653, 220, 587, 38, 335, 368, 522, 545, 582, 45, 747, 715, 240, 661, 13, 62, 284, 403, 136, 529, 450, 205, 566, 172, 246, 185, 267, 455, 519, 617, 679, 461, 544, 28, 1, 457, 618, 241, 384, 307, 287, 514, 530, 553, 558, 742, 671, 332, 615, 206, 604, 22, 85, 658, 630, 53, 31, 52, 562, 178, 356, 208, 568, 532, 254, 714, 120, 565, 201, 589, 394, 29, 274, 463, 326, 142, 563, 327, 302, 410, 557, 291, 518, 12, 391, 276, 266, 54, 297, 414, 90, 242, 365, 657, 283, 34, 36, 103, 607, 650, 510, 506, 224, 362, 505, 312, 697, 346, 624, 173, 561, 301, 342, 74, 328, 572, 576, 370, 105, 413, 469, 642, 277, 541, 164, 540, 364, 104, 37, 183, 459, 440, 317, 550, 546, 252, 431, 725, 648, 746, 511, 42, 487, 294, 515, 369, 352, 192, 548, 94, 664, 325, 116, 425, 4, 207, 438, 502, 359, 454, 2, 432, 527, 626, 122, 295, 599, 404, 209, 493, 354, 377, 528, 60, 148, 736, 305, 523, 98, 655, 535, 478, 367, 674, 628, 157, 300, 480, 483, 594, 231, 571, 693, 137, 641, 330, 639, 705, 204, 102, 366, 275, 380, 549, 556, 25, 194, 386, 15, 476, 398, 126, 501, 542, 684, 560, 350, 726, 289, 227, 632, 269, 47, 497, 596, 259, 494, 703, 739, 500, 538, 163, 222, 732, 503, 702, 606, 421, 216, 721, 417, 462, 612, 101, 687, 256, 382, 99, 456, 385, 310, 355, 299, 110, 258, 591, 282, 159, 331, 127, 40, 345, 82, 286, 383, 125, 416, 162, 744, 619, 344, 281, 395, 32, 200, 616, 360, 145, 621, 171, 484, 280, 129, 682, 673, 247, 109, 713, 19, 603, 123, 260, 196, 188, 7, 257, 388, 212, 698, 691, 595, 666, 614, 520, 134, 470, 643, 701, 508, 686, 727, 49, 397, 357, 428, 564, 399, 590, 611, 678, 699, 622, 153, 278, 57, 361, 586, 112, 177, 683, 228, 322, 215, 672, 581, 50, 610, 517, 43, 737, 203, 584, 150, 230, 408, 465, 443, 236, 152, 86, 376, 293, 491, 234, 6, 296, 667, 387, 20, 555, 21, 547, 685, 121, 268, 133, 338, 471, 30, 341, 392, 430, 598, 580, 660, 9, 63, 669, 411, 627, 95, 676, 202, 704, 232, 186, 166, 420, 39, 640, 292, 198, 436, 179, 473, 321, 167, 475, 486, 225, 262, 422, 66, 168, 197, 26, 654, 221, 340, 735, 176, 304, 466, 175, 59, 113, 189, 73, 3, 738, 559, 51, 320, 634, 141, 625, 583, 156, 446, 424, 81, 623, 680, 349, 651, 407, 337, 288, 426, 261, 578, 363, 601, 248, 412, 184, 552, 749, 504, 272, 748, 659, 402, 400, 573, 437, 605, 593, 351, 588, 144, 174, 245, 96, 14, 93, 273, 405, 83, 637, 114, 118, 418, 663, 496, 89, 498, 8, 131, 597, 263, 55, 716, 372, 324, 694, 290, 488, 525, 492, 161, 23, 353, 182, 329, 253, 149, 464, 115, 499, 516, 533, 339, 688, 608, 80, 46, 265, 706, 70, 313, 733, 218, 35, 482, 210, 309, 58, 17, 169, 512, 531, 138, 656, 139, 419, 692, 575, 613, 722, 441, 646, 423, 303, 255, 711, 710, 468, 100, 219, 458, 323, 264, 68, 745, 467, 485, 119, 409, 452, 27, 187, 567, 644, 170, 396, 130, 707, 389, 279, 193, 633, 720, 97, 226, 728, 91, 401, 146, 442, 79, 343, 675, 620, 117, 472, 64, 695, 490, 731, 577, 92, 18, 65, 479, 375, 537, 629, 539, 358, 128, 108, 474, 724, 124, 77, 444, 84, 214, 271, 481, 645, 379, 534, 507, 158, 429, 306, 717, 524, 585, 453, 427, 602, 741, 308, 71, 708, 160, 551, 730, 334, 285, 690, 381, 513, 718, 495, 521, 635, 11, 249, 574, 638, 111, 67, 270, 743, 336, 316, 536, 460, 319, 348, 233, 298, 723, 311, 393, 592, 477, 543, 165, 180, 681, 88, 16, 154, 451, 239, 445, 449, 649, 662, 48, 489, 670, 140, 668, 609, 107, 155, 75, 10, 433, 448, 415, 132, 250, 689, 213, 740, 579, 87, 191, 318, 143, 647, 447, 315, 244, 5, 235, 238, 135, 151, 69, 147]"
"8","27.336900234222412","136821.75","141751.6980721393","[0, 41, 665, 33, 374, 569, 435, 211, 373, 652, 229, 719, 696, 347, 56, 554, 371, 729, 199, 217, 600, 526, 237, 44, 712, 106, 631, 700, 195, 439, 734, 78, 434, 378, 72, 677, 76, 570, 314, 181, 333, 636, 24, 61, 243, 223, 190, 709, 406, 390, 509, 251, 653, 220, 587, 38, 335, 368, 522, 545, 582, 45, 747, 715, 240, 661, 13, 62, 284, 403, 136, 529, 450, 205, 566, 172, 246, 185, 267, 455, 519, 617, 679, 461, 544, 28, 1, 457, 618, 241, 384, 307, 287, 514, 530, 553, 558, 742, 671, 332, 615, 206, 604, 22, 85, 658, 630, 53, 31, 52, 562, 178, 356, 208, 568, 532, 254, 714, 120, 565, 201, 589, 394, 29, 274, 463, 326, 142, 563, 327, 302, 410, 557, 291, 518, 12, 391, 276, 266, 54, 297, 414, 90, 242, 365, 657, 283, 34, 36, 103, 607, 650, 510, 506, 224, 362, 505, 312, 697, 346, 624, 173, 561, 301, 342, 74, 328, 572, 576, 370, 105, 413, 469, 642, 277, 541, 164, 540, 364, 104, 37, 183, 459, 440, 317, 550, 546, 252, 431, 725, 648, 746, 511, 42, 487, 294, 515, 369, 352, 192, 548, 94, 664, 325, 116, 425, 4, 207, 438, 502, 359, 454, 2, 432, 527, 626, 122, 295, 599, 404, 209, 493, 354, 377, 528, 60, 148, 736, 305, 523, 98, 655, 535, 478, 367, 674, 628, 157, 300, 480, 483, 594, 231, 571, 693, 137, 641, 330, 639, 705, 204, 102, 366, 275, 380, 549, 556, 25, 194, 386, 15, 476, 398, 126, 501, 542, 684, 560, 350, 726, 289, 227, 632, 269, 47, 497, 596, 259, 494, 703, 739, 500, 538, 163, 222, 732, 503, 702, 606, 421, 216, 721, 417, 462, 612, 101, 687, 256, 382, 99, 456, 385, 310, 355, 299, 110, 258, 591, 282, 159, 331, 127, 40, 345, 82, 286, 383, 125, 416, 162, 744, 619, 344, 281, 395, 32, 200, 616, 360, 145, 621, 171, 484, 280, 129, 682, 673, 247, 109, 713, 19, 603, 123, 260, 196, 188, 7, 257, 388, 212, 698, 691, 595, 666, 614, 520, 134, 470, 643, 701, 508, 727, 686, 49, 357, 397, 428, 564, 399, 590, 611, 678, 699, 622, 153, 278, 57, 361, 586, 112, 177, 683, 228, 322, 215, 672, 581, 50, 610, 517, 43, 737, 203, 584, 150, 230, 408, 465, 443, 236, 152, 86, 376, 293, 491, 234, 6, 296, 667, 387, 20, 555, 21, 547, 685, 121, 268, 133, 338, 471, 30, 341, 392, 430, 598, 580, 660, 9, 63, 669, 411, 627, 95, 676, 202, 704, 232, 186, 166, 420, 39, 640, 292, 198, 436, 179, 473, 321, 167, 475, 486, 225, 262, 422, 66, 168, 197, 26, 654, 221, 340, 735, 176, 304, 466, 175, 59, 113, 189, 73, 3, 738, 559, 51, 320, 634, 141, 625, 583, 156, 446, 424, 81, 623, 680, 349, 651, 407, 337, 288, 426, 261, 578, 363, 601, 248, 412, 184, 552, 749, 504, 272, 748, 659, 402, 400, 573, 437, 605, 593, 351, 588, 144, 174, 245, 96, 14, 93, 273, 405, 83, 637, 114, 118, 418, 663, 496, 89, 498, 8, 131, 597, 263, 55, 716, 372, 324, 694, 290, 488, 525, 492, 161, 23, 353, 182, 329, 253, 149, 464, 115, 499, 516, 533, 339, 688, 608, 80, 46, 265, 706, 70, 313, 733, 218, 35, 482, 210, 309, 58, 17, 169, 512, 531, 138, 656, 139, 419, 692, 575, 613, 722, 441, 646, 423, 303, 255, 711, 710, 468, 100, 219, 458, 323, 264, 68, 745, 467, 485, 119, 409, 452, 27, 187, 567, 644, 170, 396, 130, 707, 389, 279, 193, 633, 720, 97, 226, 728, 91, 401, 146, 442, 79, 343, 675, 620, 117, 472, 64, 695, 490, 731, 577, 92, 18, 65, 479, 375, 537, 629, 539, 358, 128, 108, 474, 724, 124, 77, 444, 84, 214, 271, 481, 645, 379, 534, 507, 158, 429, 306, 717, 524, 585, 453, 427, 602, 741, 308, 71, 708, 160, 551, 730, 334, 285, 690, 381, 513, 718, 495, 521, 635, 11, 249, 574, 638, 111, 67, 270, 743, 336, 316, 536, 460, 319, 348, 233, 298, 723, 311, 393, 592, 477, 543, 165, 180, 681, 88, 16, 154, 451, 239, 445, 449, 649, 662, 48, 489, 670, 140, 668, 609, 107, 155, 75, 10, 433, 448, 415, 132, 250, 689, 213, 740, 579, 87, 191, 318, 143, 647, 447, 315, 244, 5, 235, 238, 135, 151, 69, 147]"
"9","31.137351751327515","136775.25","141541.71291977612","[0, 41, 665, 33, 374, 569, 435, 211, 373, 652, 229, 719, 696, 347, 56, 554, 371, 729, 199, 217, 600, 526, 237, 44, 712, 106, 631, 700, 195, 439, 734, 78, 434, 378, 72, 677, 76, 570, 314, 181, 333, 636, 24, 61, 243, 223, 190, 709, 406, 390, 509, 335, 251, 653, 38, 587, 220, 522, 368, 545, 582, 45, 747, 715, 240, 661, 13, 62, 284, 403, 136, 529, 450, 205, 566, 172, 246, 185, 267, 455, 519, 617, 679, 461, 544, 28, 1, 457, 618, 241, 384, 307, 287, 514, 530, 553, 558, 742, 671, 332, 615, 206, 604, 22, 85, 658, 630, 53, 31, 52, 562, 178, 356, 208, 568, 532, 254, 714, 120, 565, 201, 589, 394, 29, 274, 463, 326, 142, 563, 327, 302, 410, 557, 291, 518, 12, 391, 276, 266, 54, 297, 414, 90, 242, 365, 657, 283, 34, 36, 103, 607, 650, 510, 506, 224, 362, 505, 312, 697, 346, 624, 173, 561, 301, 342, 74, 328, 572, 576, 370, 105, 413, 469, 642, 277, 541, 164, 540, 364, 104, 37, 183, 459, 440, 317, 550, 546, 252, 431, 725, 648, 746, 511, 42, 487, 294, 515, 369, 352, 192, 548, 94, 664, 325, 116, 425, 4, 207, 438, 502, 359, 454, 2, 432, 527, 626, 122, 295, 599, 404, 209, 493, 354, 377, 528, 60, 148, 736, 305, 523, 98, 655, 535, 478, 367, 674, 628, 157, 300, 480, 483, 594, 231, 571, 693, 137, 641, 330, 639, 705, 204, 102, 366, 275, 380, 549, 556, 25, 194, 386, 15, 476, 398, 126, 501, 542, 684, 560, 350, 726, 289, 227, 632, 269, 47, 497, 596, 259, 494, 703, 739, 500, 538, 163, 222, 732, 503, 702, 606, 421, 216, 721, 417, 462, 612, 101, 687, 256, 382, 99, 456, 385, 310, 355, 299, 110, 258, 591, 282, 159, 331, 127, 40, 345, 82, 286, 383, 125, 416, 162, 744, 619, 344, 281, 395, 32, 200, 616, 360, 145, 621, 171, 484, 280, 129, 682, 673, 247, 109, 713, 19, 603, 123, 260, 196, 188, 7, 257, 388, 212, 698, 691, 595, 666, 614, 520, 134, 470, 643, 701, 508, 727, 686, 49, 357, 397, 428, 564, 399, 590, 611, 678, 699, 622, 153, 278, 57, 361, 586, 112, 177, 683, 228, 322, 215, 672, 581, 50, 610, 517, 43, 737, 203, 584, 150, 230, 408, 465, 443, 236, 152, 86, 376, 293, 491, 234, 6, 296, 667, 387, 20, 555, 21, 547, 685, 121, 268, 133, 338, 471, 30, 341, 392, 430, 598, 580, 660, 9, 63, 669, 411, 627, 95, 676, 202, 704, 232, 186, 166, 420, 39, 640, 292, 198, 436, 179, 473, 321, 167, 475, 486, 225, 262, 422, 66, 168, 197, 26, 654, 221, 340, 735, 176, 304, 466, 175, 59, 113, 189, 73, 3, 738, 559, 51, 320, 634, 141, 625, 583, 156, 446, 424, 81, 623, 680, 349, 651, 407, 337, 288, 426, 261, 578, 363, 601, 248, 412, 184, 552, 749, 504, 272, 748, 659, 402, 400, 573, 437, 605, 593, 351, 588, 144, 174, 245, 96, 14, 93, 273, 405, 83, 637, 114, 118, 418, 663, 496, 89, 498, 8, 131, 597, 263, 55, 716, 372, 324, 694, 290, 488, 525, 492, 161, 23, 353, 182, 329, 253, 149, 464, 115, 499, 516, 533, 339, 688, 608, 80, 46, 265, 706, 70, 313, 733, 218, 35, 482, 210, 309, 58, 17, 169, 512, 531, 138, 656, 139, 419, 692, 575, 613, 722, 441, 646, 423, 303, 255, 711, 710, 468, 100, 219, 458, 323, 264, 68, 745, 467, 485, 119, 409, 452, 27, 187, 567, 644, 170, 396, 130, 707, 389, 279, 193, 633, 720, 97, 226, 728, 91, 401, 146, 442, 79, 343, 675, 620, 117, 472, 64, 695, 490, 731, 577, 92, 18, 65, 479, 375, 537, 629, 539, 358, 128, 108, 474, 724, 124, 77, 444, 84, 214, 271, 481, 645, 379, 534, 507, 158, 429, 306, 717, 524, 585, 453, 427, 602, 741, 308, 71, 708, 160, 551, 730, 334, 285, 690, 381, 513, 718, 495, 521, 635, 11, 249, 574, 638, 111, 67, 270, 743, 336, 316, 536, 460, 319, 348, 233, 298, 723, 311, 393, 592, 477, 543, 165, 180, 681, 88, 16, 154, 451, 239, 445, 449, 649, 662, 48, 489, 670, 140, 668, 609, 107, 155, 75, 10, 433, 448, 415, 132, 250, 689, 213, 740, 579, 87, 191, 318, 143, 647, 447, 315, 244, 5, 235, 238, 135, 151, 69, 147]"
"10","34.95442056655884","136688.171875","141355.2157960199","[0, 41, 665, 33, 374, 569, 435, 211, 373, 652, 229, 719, 696, 347, 56, 554, 371, 729, 199, 217, 600, 526, 237, 44, 712, 106, 631, 700, 195, 439, 734, 78, 434, 378, 72, 677, 76, 570, 314, 181, 333, 636, 24, 61, 243, 223, 190, 709, 406, 390, 509, 251, 653, 220, 587, 38, 335, 368, 522, 545, 582, 45, 747, 715, 240, 661, 13, 62, 284, 403, 136, 529, 450, 205, 566, 172, 246, 185, 267, 455, 519, 617, 679, 461, 544, 28, 1, 457, 618, 241, 384, 307, 287, 514, 530, 553, 558, 742, 671, 332, 615, 206, 604, 22, 85, 658, 630, 53, 31, 52, 562, 178, 356, 208, 568, 532, 254, 714, 120, 565, 201, 589, 394, 29, 274, 463, 326, 142, 563, 327, 302, 410, 557, 291, 518, 12, 391, 276, 266, 54, 297, 414, 90, 242, 365, 657, 283, 34, 36, 103, 607, 650, 510, 506, 224, 362, 505, 312, 697, 346, 624, 173, 561, 301, 342, 74, 328, 572, 576, 370, 105, 413, 469, 642, 277, 541, 164, 540, 364, 104, 37, 183, 459, 440, 317, 550, 546, 252, 431, 725, 648, 746, 511, 42, 487, 294, 515, 369, 352, 192, 548, 94, 664, 325, 116, 425, 4, 207, 438, 502, 359, 454, 2, 432, 527, 626, 122, 295, 599, 404, 209, 493, 354, 377, 528, 60, 148, 736, 305, 523, 98, 655, 535, 478, 367, 674, 628, 157, 300, 480, 483, 594, 231, 571, 693, 137, 641, 330, 639, 705, 204, 102, 366, 275, 380, 549, 556, 25, 194, 386, 15, 476, 398, 126, 501, 542, 684, 560, 350, 726, 289, 227, 632, 269, 47, 497, 596, 259, 494, 703, 739, 500, 538, 163, 222, 732, 503, 702, 606, 421, 216, 721, 417, 462, 612, 101, 687, 256, 382, 99, 456, 385, 310, 355, 299, 110, 258, 591, 282, 159, 331, 127, 40, 345, 82, 286, 383, 125, 416, 162, 744, 619, 344, 281, 395, 32, 200, 616, 360, 145, 621, 171, 484, 280, 129, 682, 673, 247, 109, 713, 19, 603, 123, 260, 196, 188, 7, 257, 388, 212, 698, 691, 595, 666, 614, 520, 134, 470, 508, 643, 701, 357, 727, 49, 686, 397, 428, 564, 399, 590, 611, 678, 699, 622, 153, 278, 57, 361, 586, 112, 177, 683, 228, 322, 215, 672, 581, 50, 610, 517, 43, 737, 203, 584, 150, 230, 408, 465, 443, 236, 152, 86, 376, 293, 491, 234, 6, 296, 667, 387, 20, 555, 21, 547, 685, 121, 268, 133, 338, 471, 30, 341, 392, 430, 598, 580, 660, 9, 63, 669, 411, 627, 95, 676, 202, 704, 232, 186, 166, 420, 39, 640, 292, 198, 436, 179, 473, 321, 167, 475, 486, 225, 262, 422, 66, 168, 197, 26, 654, 221, 340, 735, 176, 304, 466, 175, 59, 113, 189, 73, 3, 738, 559, 51, 320, 634, 141, 625, 583, 156, 446, 424, 81, 623, 680, 349, 651, 407, 337, 288, 426, 261, 578, 363, 601, 248, 412, 184, 552, 749, 504, 272, 748, 659, 402, 400, 573, 437, 605, 593, 351, 588, 144, 174, 245, 96, 14, 93, 273, 405, 83, 637, 114, 118, 418, 663, 496, 89, 498, 8, 131, 597, 263, 55, 716, 372, 324, 694, 290, 488, 525, 492, 161, 23, 353, 182, 329, 253, 149, 464, 115, 499, 516, 533, 339, 688, 608, 80, 46, 265, 706, 70, 313, 733, 218, 35, 482, 210, 309, 58, 17, 169, 512, 531, 138, 656, 139, 419, 692, 575, 613, 722, 441, 646, 423, 303, 255, 711, 710, 468, 100, 219, 458, 323, 264, 68, 745, 467, 485, 119, 409, 452, 27, 187, 567, 644, 170, 396, 130, 707, 389, 279, 193, 633, 720, 97, 226, 728, 91, 401, 146, 442, 79, 343, 675, 620, 117, 472, 64, 695, 490, 731, 577, 92, 18, 65, 479, 375, 537, 629, 539, 358, 128, 108, 474, 724, 124, 77, 444, 84, 214, 271, 481, 645, 379, 534, 507, 158, 429, 306, 717, 524, 585, 453, 427, 602, 741, 308, 71, 708, 160, 551, 730, 334, 285, 690, 381, 513, 718, 495, 521, 635, 11, 249, 574, 638, 111, 67, 270, 743, 336, 316, 536, 460, 319, 348, 233, 298, 723, 311, 393, 592, 477, 543, 165, 180, 681, 88, 16, 154, 451, 239, 445, 449, 649, 662, 48, 489, 670, 140, 668, 609, 107, 155, 75, 10, 433, 448, 415, 132, 250, 689, 213, 740, 579, 87, 191, 318, 143, 647, 447, 315, 244, 5, 235, 238, 135, 151, 69, 147]"
"11","38.770917654037476","136580.296875","140784.2491449005","[0, 41, 665, 33, 374, 569, 435, 211, 373, 652, 229, 719, 696, 347, 56, 554, 371, 729, 199, 217, 600, 526, 237, 44, 712, 106, 631, 700, 195, 439, 734, 78, 434, 378, 72, 677, 76, 570, 314, 181, 333, 636, 24, 61, 243, 223, 190, 709, 406, 390, 509, 335, 251, 653, 38, 587, 220, 522, 368, 545, 582, 45, 747, 715, 240, 661, 13, 62, 284, 403, 136, 529, 450, 205, 566, 172, 246, 185, 267, 455, 519, 617, 679, 461, 544, 28, 1, 457, 618, 241, 384, 307, 287, 514, 530, 553, 558, 742, 671, 332, 615, 206, 604, 22, 85, 658, 630, 53, 31, 52, 562, 178, 356, 208, 568, 532, 254, 714, 120, 565, 201, 589, 394, 29, 274, 463, 326, 142, 563, 327, 302, 410, 557, 291, 518, 12, 391, 276, 266, 54, 297, 414, 90, 242, 365, 657, 283, 34, 36, 103, 607, 650, 510, 506, 224, 362, 505, 312, 697, 346, 624, 173, 561, 301, 342, 74, 328, 572, 576, 370, 105, 413, 469, 642, 277, 541, 164, 540, 364, 104, 37, 183, 459, 440, 317, 550, 546, 252, 431, 725, 648, 746, 511, 42, 487, 294, 515, 369, 352, 192, 548, 94, 664, 325, 116, 425, 4, 207, 438, 502, 359, 454, 2, 432, 527, 626, 122, 295, 599, 404, 209, 493, 354, 377, 528, 60, 148, 736, 305, 523, 98, 655, 535, 478, 367, 674, 628, 157, 300, 480, 483, 594, 231, 571, 693, 137, 641, 330, 639, 705, 204, 102, 366, 275, 380, 549, 556, 25, 194, 386, 15, 476, 398, 126, 501, 542, 684, 560, 350, 726, 289, 227, 632, 269, 47, 497, 596, 259, 494, 703, 739, 500, 538, 163, 222, 732, 503, 702, 606, 421, 216, 721, 417, 462, 612, 101, 687, 256, 382, 99, 456, 385, 310, 355, 299, 110, 258, 591, 282, 159, 331, 127, 40, 345, 82, 286, 383, 125, 416, 162, 744, 619, 344, 281, 395, 32, 200, 616, 360, 145, 621, 171, 484, 280, 129, 682, 673, 247, 109, 713, 19, 603, 123, 260, 196, 188, 7, 257, 388, 212, 698, 691, 595, 666, 614, 520, 134, 470, 508, 643, 701, 357, 727, 49, 686, 397, 428, 564, 399, 590, 611, 678, 699, 622, 153, 278, 57, 361, 586, 112, 177, 683, 228, 322, 215, 672, 581, 50, 610, 517, 43, 737, 230, 408, 150, 203, 584, 236, 465, 443, 152, 86, 376, 293, 491, 234, 6, 296, 667, 387, 20, 555, 21, 547, 685, 121, 268, 133, 338, 471, 30, 341, 392, 430, 598, 580, 660, 9, 63, 669, 411, 627, 95, 676, 202, 704, 232, 186, 166, 420, 39, 640, 292, 198, 436, 179, 473, 321, 167, 475, 486, 225, 262, 422, 66, 168, 197, 26, 654, 221, 340, 735, 176, 304, 466, 175, 59, 113, 189, 73, 3, 738, 559, 51, 320, 634, 141, 625, 583, 156, 446, 424, 81, 623, 680, 349, 651, 407, 337, 288, 426, 261, 578, 363, 601, 248, 412, 184, 552, 749, 504, 272, 748, 659, 402, 400, 573, 437, 605, 593, 351, 588, 144, 174, 245, 96, 14, 93, 273, 405, 83, 637, 114, 118, 418, 663, 496, 89, 498, 8, 131, 597, 263, 55, 716, 372, 324, 694, 290, 488, 525, 492, 161, 23, 353, 182, 329, 253, 149, 464, 115, 499, 516, 533, 339, 688, 608, 80, 46, 265, 706, 70, 313, 733, 218, 35, 482, 210, 309, 58, 17, 169, 512, 531, 138, 656, 139, 419, 692, 575, 613, 722, 441, 646, 423, 303, 255, 711, 710, 468, 100, 219, 458, 323, 264, 68, 745, 467, 485, 119, 409, 452, 27, 187, 567, 644, 170, 396, 130, 707, 389, 279, 193, 633, 720, 97, 226, 728, 91, 401, 146, 442, 79, 343, 675, 620, 117, 472, 64, 695, 490, 731, 577, 92, 18, 65, 479, 375, 537, 629, 539, 358, 128, 108, 474, 724, 124, 77, 444, 84, 214, 271, 481, 645, 379, 534, 507, 158, 429, 306, 717, 524, 585, 453, 427, 602, 741, 308, 71, 708, 160, 551, 730, 334, 285, 690, 381, 513, 718, 495, 521, 635, 11, 249, 574, 638, 111, 67, 270, 743, 336, 316, 536, 460, 319, 348, 233, 298, 723, 311, 393, 592, 477, 543, 165, 180, 681, 88, 16, 154, 451, 239, 445, 449, 649, 662, 48, 489, 670, 140, 668, 609, 107, 155, 75, 10, 433, 448, 415, 132, 250, 689, 213, 740, 579, 87, 191, 318, 143, 647, 447, 315, 244, 5, 235, 238, 135, 151, 69, 147]"
"12","42.602935552597046","136436.5625","140579.77168843284","[0, 41, 665, 33, 374, 569, 435, 211, 373, 652, 229, 719, 696, 347, 56, 554, 371, 729, 199, 217, 600, 526, 237, 44, 712, 106, 631, 700, 195, 439, 734, 78, 434, 378, 72, 677, 76, 570, 314, 181, 333, 636, 24, 61, 243, 223, 190, 709, 406, 390, 509, 335, 251, 653, 38, 587, 220, 522, 368, 545, 582, 45, 747, 715, 240, 661, 13, 62, 284, 403, 136, 529, 450, 205, 566, 172, 246, 185, 267, 455, 519, 617, 679, 461, 544, 28, 1, 457, 618, 241, 384, 307, 287, 514, 530, 553, 558, 742, 671, 332, 615, 206, 604, 22, 85, 658, 630, 53, 31, 52, 562, 178, 356, 208, 568, 532, 254, 714, 120, 565, 201, 589, 394, 29, 274, 463, 326, 142, 563, 327, 302, 410, 557, 291, 518, 12, 391, 276, 266, 54, 297, 414, 283, 103, 36, 34, 242, 365, 657, 90, 607, 650, 510, 506, 224, 362, 505, 312, 697, 346, 624, 173, 561, 301, 342, 74, 328, 572, 576, 370, 105, 413, 469, 642, 277, 541, 164, 540, 364, 104, 37, 183, 459, 440, 317, 550, 546, 252, 431, 725, 648, 746, 511, 42, 487, 294, 515, 369, 352, 192, 548, 94, 664, 325, 116, 425, 4, 207, 438, 502, 359, 454, 2, 432, 527, 626, 122, 295, 599, 404, 209, 493, 354, 377, 528, 60, 148, 736, 305, 523, 98, 655, 535, 478, 367, 674, 628, 157, 300, 480, 483, 594, 231, 571, 693, 137, 641, 330, 639, 705, 204, 102, 366, 275, 380, 549, 556, 25, 194, 386, 15, 476, 398, 126, 501, 542, 684, 560, 350, 726, 289, 227, 632, 269, 47, 497, 596, 259, 494, 703, 739, 500, 538, 163, 222, 732, 503, 702, 606, 421, 216, 721, 417, 462, 612, 101, 687, 256, 382, 99, 456, 385, 310, 355, 299, 110, 258, 591, 282, 159, 331, 127, 40, 345, 82, 286, 383, 125, 416, 162, 744, 619, 344, 281, 395, 32, 200, 616, 360, 145, 621, 171, 484, 280, 129, 682, 673, 247, 109, 713, 19, 603, 123, 260, 196, 188, 7, 257, 388, 212, 698, 691, 595, 666, 614, 520, 134, 470, 643, 701, 508, 727, 686, 49, 357, 397, 428, 564, 399, 590, 611, 678, 699, 622, 153, 278, 57, 361, 586, 112, 177, 683, 228, 322, 215, 672, 581, 50, 610, 517, 43, 737, 203, 408, 150, 230, 584, 152, 443, 236, 465, 86, 376, 293, 491, 234, 6, 296, 667, 387, 20, 555, 21, 547, 685, 121, 268, 133, 338, 471, 30, 341, 392, 430, 598, 580, 660, 9, 63, 669, 411, 627, 95, 676, 202, 704, 232, 186, 166, 420, 39, 640, 292, 198, 436, 179, 473, 321, 167, 475, 486, 225, 262, 422, 66, 168, 197, 26, 654, 221, 340, 735, 176, 304, 466, 175, 59, 113, 189, 73, 3, 738, 559, 51, 320, 634, 141, 625, 583, 156, 446, 424, 81, 623, 680, 349, 651, 407, 337, 288, 426, 261, 578, 363, 601, 248, 412, 184, 552, 749, 504, 272, 748, 659, 402, 400, 573, 437, 605, 593, 351, 588, 144, 174, 245, 96, 14, 93, 273, 405, 83, 637, 114, 118, 418, 663, 496, 89, 498, 8, 131, 597, 263, 55, 716, 372, 324, 694, 290, 488, 525, 492, 161, 23, 353, 182, 329, 253, 149, 464, 115, 499, 516, 533, 339, 688, 608, 80, 46, 265, 706, 70, 313, 733, 218, 35, 482, 210, 309, 58, 17, 169, 512, 531, 138, 656, 139, 419, 692, 575, 613, 722, 441, 646, 423, 303, 255, 711, 710, 468, 100, 219, 458, 323, 264, 68, 745, 467, 485, 119, 409, 452, 27, 187, 567, 644, 170, 396, 130, 707, 389, 279, 193, 633, 720, 401, 146, 728, 226, 97, 91, 442, 79, 343, 675, 620, 117, 472, 64, 695, 490, 731, 577, 92, 18, 65, 479, 375, 537, 629, 539, 358, 128, 108, 474, 724, 124, 77, 444, 84, 214, 271, 481, 645, 379, 534, 507, 158, 429, 306, 717, 524, 585, 453, 427, 602, 741, 308, 71, 708, 160, 551, 730, 334, 285, 690, 381, 513, 718, 495, 521, 635, 11, 249, 574, 638, 111, 67, 270, 743, 336, 316, 536, 460, 319, 348, 233, 298, 723, 311, 393, 592, 477, 543, 165, 180, 681, 88, 16, 154, 451, 239, 445, 449, 649, 662, 48, 489, 670, 140, 668, 609, 107, 155, 75, 10, 433, 448, 415, 132, 250, 689, 213, 740, 579, 87, 191, 318, 143, 647, 447, 315, 244, 5, 235, 238, 135, 151, 69, 147]"
"13","46.412808418273926","136295.15625","140367.06156716417","[0, 41, 665, 33, 374, 569, 435, 211, 373, 652, 229, 719, 696, 347, 56, 554, 371, 729, 199, 217, 600, 526, 237, 44, 712, 106, 631, 700, 195, 439, 734, 78, 434, 378, 72, 677, 76, 570, 314, 181, 333, 636, 24, 61, 243, 223, 190, 709, 406, 390, 509, 335, 251, 653, 38, 587, 220, 522, 368, 545, 582, 45, 747, 715, 240, 661, 13, 62, 284, 403, 136, 529, 450, 205, 566, 172, 246, 185, 267, 455, 519, 617, 679, 461, 544, 28, 1, 457, 618, 241, 384, 307, 287, 514, 530, 553, 558, 742, 671, 332, 615, 206, 604, 22, 85, 658, 630, 53, 31, 52, 562, 178, 356, 208, 568, 532, 254, 714, 120, 565, 201, 589, 394, 29, 274, 463, 326, 142, 563, 327, 302, 410, 557, 291, 518, 12, 391, 276, 266, 54, 297, 414, 283, 103, 36, 34, 242, 365, 657, 90, 607, 650, 510, 506, 224, 362, 505, 312, 697, 346, 624, 173, 561, 301, 342, 74, 328, 572, 576, 370, 105, 413, 469, 642, 277, 541, 164, 540, 364, 104, 37, 183, 459, 440, 317, 550, 546, 252, 431, 725, 648, 746, 511, 42, 487, 294, 515, 369, 352, 192, 548, 94, 664, 325, 116, 425, 4, 207, 438, 502, 359, 454, 2, 432, 527, 626, 122, 295, 599, 404, 209, 493, 354, 377, 528, 60, 148, 736, 305, 523, 98, 655, 535, 478, 367, 674, 628, 157, 300, 480, 483, 594, 231, 571, 693, 137, 641, 330, 639, 705, 204, 102, 366, 275, 380, 549, 556, 25, 194, 386, 15, 476, 398, 126, 501, 542, 684, 560, 350, 726, 289, 227, 632, 269, 47, 497, 596, 259, 494, 703, 739, 500, 538, 163, 222, 732, 503, 702, 606, 421, 216, 721, 417, 462, 612, 101, 687, 256, 382, 99, 456, 385, 310, 355, 299, 110, 258, 591, 282, 159, 331, 127, 40, 345, 82, 286, 383, 125, 416, 162, 744, 619, 344, 281, 395, 32, 200, 616, 360, 145, 621, 171, 484, 280, 129, 682, 673, 247, 109, 713, 19, 603, 123, 260, 196, 188, 7, 257, 388, 212, 698, 691, 595, 666, 614, 520, 134, 470, 508, 643, 701, 357, 727, 49, 686, 397, 428, 564, 399, 590, 611, 678, 699, 622, 153, 278, 57, 361, 586, 112, 177, 683, 228, 322, 215, 672, 581, 50, 610, 517, 43, 737, 230, 408, 150, 203, 584, 236, 465, 443, 152, 86, 376, 293, 491, 234, 6, 296, 667, 387, 20, 555, 21, 547, 685, 121, 268, 133, 338, 471, 30, 341, 392, 430, 598, 580, 660, 9, 63, 669, 411, 627, 95, 676, 202, 704, 232, 186, 166, 420, 39, 640, 292, 198, 436, 179, 473, 321, 167, 475, 486, 225, 262, 422, 66, 168, 197, 26, 654, 221, 340, 735, 176, 304, 466, 175, 59, 113, 189, 73, 3, 738, 559, 51, 320, 634, 141, 625, 583, 156, 446, 424, 81, 623, 680, 349, 651, 407, 337, 288, 426, 261, 578, 363, 601, 248, 412, 184, 552, 749, 504, 272, 748, 659, 402, 400, 573, 437, 605, 593, 351, 588, 144, 174, 245, 96, 14, 93, 273, 405, 83, 637, 114, 118, 418, 663, 496, 89, 498, 8, 131, 597, 263, 55, 716, 372, 324, 694, 290, 488, 525, 492, 161, 23, 353, 182, 329, 253, 149, 464, 115, 499, 516, 533, 339, 688, 608, 80, 46, 265, 706, 70, 313, 733, 218, 35, 482, 210, 309, 58, 17, 169, 512, 531, 138, 656, 139, 419, 692, 575, 613, 722, 441, 646, 423, 303, 255, 711, 710, 468, 100, 219, 458, 323, 264, 68, 745, 467, 485, 119, 409, 452, 27, 187, 567, 644, 170, 396, 130, 707, 389, 279, 193, 633, 720, 97, 226, 728, 401, 146, 91, 442, 79, 343, 675, 620, 117, 472, 64, 695, 490, 731, 577, 92, 18, 65, 479, 375, 537, 629, 539, 358, 128, 108, 474, 724, 124, 77, 444, 84, 214, 271, 481, 645, 379, 534, 507, 158, 429, 306, 717, 524, 585, 453, 427, 602, 741, 308, 71, 708, 160, 551, 730, 334, 285, 690, 381, 513, 718, 495, 521, 635, 11, 249, 574, 638, 111, 67, 270, 743, 336, 316, 536, 460, 319, 348, 233, 298, 723, 311, 393, 592, 477, 543, 165, 180, 681, 88, 16, 154, 451, 239, 445, 449, 649, 662, 48, 489, 670, 140, 668, 609, 107, 155, 75, 10, 433, 448, 415, 132, 250, 689, 213, 740, 579, 87, 191, 318, 143, 647, 447, 315, 244, 5, 235, 238, 135, 151, 69, 147]"
"14","50.221532583236694","136042.265625","140065.6478544776","[0, 41, 665, 33, 374, 569, 435, 211, 373, 652, 229, 719, 696, 554, 56, 347, 217, 729, 199, 371, 600, 526, 237, 44, 712, 106, 631, 700, 195, 439, 734, 78, 434, 378, 72, 677, 76, 570, 314, 181, 333, 636, 24, 61, 243, 223, 190, 709, 406, 390, 509, 335, 251, 653, 38, 587, 220, 522, 368, 545, 582, 45, 747, 715, 240, 661, 13, 62, 284, 403, 136, 529, 450, 205, 566, 172, 246, 185, 267, 455, 519, 617, 679, 461, 544, 28, 1, 457, 618, 241, 384, 307, 287, 514, 530, 553, 558, 742, 671, 332, 615, 206, 604, 22, 85, 658, 630, 53, 31, 52, 562, 178, 356, 208, 568, 532, 254, 714, 120, 565, 201, 589, 394, 29, 274, 463, 326, 142, 563, 327, 302, 410, 557, 291, 518, 12, 391, 276, 266, 54, 297, 414, 283, 103, 36, 34, 242, 365, 657, 90, 607, 650, 510, 506, 224, 362, 505, 312, 697, 346, 624, 173, 561, 301, 342, 74, 328, 572, 576, 370, 105, 413, 469, 642, 277, 541, 164, 540, 364, 104, 37, 183, 459, 440, 317, 550, 546, 252, 431, 725, 648, 746, 511, 42, 487, 294, 515, 369, 352, 192, 548, 94, 664, 325, 116, 425, 4, 207, 438, 502, 359, 454, 2, 432, 527, 626, 122, 295, 599, 404, 209, 493, 354, 377, 528, 60, 148, 736, 305, 523, 98, 655, 535, 478, 367, 674, 628, 157, 300, 480, 483, 594, 231, 571, 693, 137, 641, 330, 639, 705, 204, 102, 366, 275, 380, 549, 556, 25, 194, 386, 15, 476, 398, 126, 501, 542, 684, 560, 350, 726, 289, 227, 632, 269, 47, 497, 596, 259, 494, 703, 739, 500, 538, 163, 222, 732, 503, 702, 606, 421, 216, 721, 417, 462, 612, 101, 687, 256, 382, 99, 456, 385, 310, 355, 299, 110, 258, 591, 282, 159, 331, 127, 40, 345, 82, 286, 383, 125, 416, 162, 744, 619, 344, 281, 395, 32, 200, 616, 360, 145, 621, 171, 484, 280, 129, 682, 673, 247, 109, 713, 19, 603, 123, 260, 196, 188, 7, 257, 388, 212, 698, 691, 595, 666, 614, 520, 134, 470, 508, 643, 701, 357, 727, 49, 686, 397, 428, 564, 399, 590, 611, 678, 699, 622, 153, 278, 57, 361, 586, 112, 177, 683, 228, 322, 215, 672, 581, 50, 610, 517, 43, 737, 230, 408, 203, 150, 584, 152, 236, 465, 443, 86, 376, 293, 491, 234, 6, 296, 667, 387, 20, 555, 21, 547, 685, 121, 268, 133, 338, 471, 30, 341, 392, 430, 598, 580, 660, 9, 63, 669, 411, 627, 95, 676, 202, 704, 232, 186, 166, 420, 39, 640, 292, 198, 436, 179, 473, 321, 167, 475, 486, 225, 262, 422, 66, 168, 197, 26, 654, 221, 340, 735, 176, 304, 466, 175, 59, 113, 189, 73, 3, 738, 559, 51, 320, 634, 141, 625, 583, 156, 446, 424, 81, 623, 680, 349, 651, 407, 337, 288, 426, 261, 578, 363, 601, 248, 412, 184, 552, 749, 504, 272, 748, 659, 402, 400, 573, 437, 605, 593, 351, 588, 144, 174, 245, 96, 14, 93, 273, 405, 83, 637, 114, 118, 418, 663, 496, 89, 498, 8, 131, 597, 263, 55, 716, 372, 324, 694, 290, 488, 525, 492, 161, 23, 353, 182, 329, 253, 149, 464, 115, 499, 516, 533, 339, 688, 608, 80, 46, 265, 706, 70, 313, 733, 218, 35, 482, 210, 309, 58, 17, 169, 512, 531, 138, 656, 139, 419, 692, 575, 613, 722, 441, 646, 423, 303, 255, 711, 710, 468, 100, 219, 458, 323, 264, 68, 745, 467, 485, 119, 409, 452, 27, 187, 567, 644, 170, 396, 130, 707, 389, 279, 193, 633, 720, 97, 226, 728, 401, 146, 91, 442, 79, 343, 675, 620, 117, 472, 64, 695, 490, 731, 577, 92, 18, 65, 479, 375, 537, 629, 539, 358, 128, 108, 474, 724, 124, 77, 444, 84, 214, 271, 481, 645, 379, 534, 507, 158, 429, 306, 717, 524, 585, 453, 427, 602, 741, 308, 71, 708, 160, 551, 730, 334, 285, 690, 381, 513, 718, 495, 521, 635, 11, 249, 574, 638, 111, 67, 270, 743, 336, 316, 536, 460, 319, 348, 233, 298, 723, 311, 393, 592, 477, 543, 165, 180, 681, 88, 16, 154, 451, 239, 445, 449, 649, 662, 48, 489, 670, 140, 668, 609, 107, 155, 75, 10, 433, 448, 415, 132, 250, 689, 213, 740, 579, 87, 191, 318, 143, 647, 447, 315, 244, 5, 235, 238, 135, 151, 69, 147]"
"15","54.02716779708862","135882.34375","139546.3425062189","[0, 41, 665, 33, 374, 569, 435, 211, 373, 652, 229, 719, 696, 554, 56, 347, 217, 729, 199, 371, 600, 526, 237, 44, 712, 106, 631, 700, 195, 439, 734, 78, 434, 378, 72, 677, 76, 570, 314, 181, 333, 636, 24, 61, 243, 223, 190, 709, 406, 390, 509, 335, 251, 653, 38, 587, 220, 522, 368, 545, 582, 45, 747, 715, 240, 661, 13, 62, 284, 403, 136, 529, 450, 205, 566, 172, 246, 185, 267, 455, 519, 617, 679, 461, 544, 28, 1, 457, 618, 241, 384, 307, 287, 514, 530, 553, 558, 742, 671, 332, 615, 206, 604, 22, 85, 658, 630, 53, 31, 52, 562, 178, 356, 208, 568, 532, 254, 714, 120, 565, 201, 589, 394, 29, 274, 463, 326, 142, 563, 327, 302, 410, 557, 291, 518, 12, 391, 276, 266, 54, 297, 414, 283, 103, 36, 34, 242, 365, 657, 90, 607, 650, 510, 506, 224, 362, 505, 312, 697, 346, 624, 173, 561, 301, 342, 74, 328, 572, 576, 370, 105, 413, 469, 642, 277, 541, 164, 540, 364, 104, 37, 183, 459, 440, 317, 550, 546, 252, 431, 725, 648, 746, 511, 42, 487, 294, 515, 369, 352, 192, 548, 94, 664, 325, 116, 425, 4, 207, 438, 502, 359, 454, 2, 432, 527, 626, 122, 599, 295, 209, 493, 354, 404, 377, 528, 60, 148, 736, 305, 523, 98, 655, 535, 478, 367, 674, 628, 157, 300, 480, 483, 594, 231, 571, 693, 137, 641, 330, 639, 705, 204, 102, 366, 275, 380, 549, 556, 25, 194, 386, 15, 476, 398, 126, 501, 542, 684, 560, 350, 726, 289, 227, 632, 269, 47, 497, 596, 259, 494, 703, 739, 500, 538, 163, 222, 732, 503, 702, 606, 421, 216, 721, 417, 462, 612, 101, 687, 256, 382, 99, 456, 385, 310, 355, 299, 110, 258, 591, 282, 159, 331, 127, 40, 345, 82, 286, 383, 125, 416, 162, 744, 619, 344, 281, 395, 32, 200, 616, 360, 145, 621, 171, 484, 280, 129, 682, 673, 247, 109, 713, 19, 603, 123, 260, 196, 188, 7, 257, 388, 212, 698, 691, 595, 666, 614, 520, 134, 470, 508, 643, 701, 357, 727, 49, 686, 397, 428, 564, 399, 590, 611, 678, 699, 622, 153, 278, 57, 361, 586, 112, 177, 683, 228, 322, 215, 672, 581, 50, 610, 517, 43, 737, 230, 408, 203, 150, 584, 152, 236, 465, 443, 86, 376, 293, 491, 234, 6, 296, 667, 387, 20, 555, 21, 547, 685, 121, 268, 133, 338, 471, 30, 341, 392, 430, 598, 580, 660, 9, 63, 669, 411, 627, 95, 676, 202, 704, 232, 186, 166, 420, 39, 640, 292, 198, 436, 179, 473, 321, 167, 475, 486, 225, 262, 422, 66, 168, 197, 26, 654, 221, 340, 735, 176, 304, 466, 175, 59, 113, 189, 73, 3, 738, 559, 51, 320, 634, 141, 625, 583, 156, 446, 424, 81, 623, 680, 349, 651, 407, 337, 288, 426, 261, 578, 363, 601, 248, 412, 184, 552, 749, 504, 272, 748, 659, 402, 400, 573, 437, 605, 593, 351, 588, 144, 174, 245, 96, 14, 93, 273, 405, 83, 637, 114, 118, 418, 663, 496, 89, 498, 8, 131, 597, 263, 55, 716, 372, 324, 694, 290, 488, 525, 492, 161, 23, 353, 182, 329, 253, 149, 464, 115, 499, 516, 533, 339, 688, 608, 80, 46, 265, 706, 70, 313, 733, 218, 35, 482, 210, 309, 58, 17, 169, 512, 531, 138, 656, 139, 419, 692, 575, 613, 722, 441, 646, 423, 303, 255, 711, 710, 468, 100, 219, 458, 323, 264, 68, 745, 467, 485, 119, 409, 452, 27, 187, 567, 644, 170, 396, 130, 707, 389, 279, 193, 633, 720, 97, 226, 728, 401, 146, 91, 442, 79, 343, 675, 620, 117, 472, 64, 695, 490, 731, 577, 92, 18, 65, 479, 375, 537, 629, 539, 358, 128, 108, 474, 724, 124, 77, 444, 84, 214, 271, 481, 645, 379, 534, 507, 158, 429, 306, 717, 524, 585, 453, 427, 602, 741, 308, 71, 708, 160, 551, 730, 334, 285, 690, 381, 513, 718, 495, 521, 635, 11, 249, 574, 638, 111, 67, 270, 743, 336, 316, 536, 460, 319, 348, 233, 298, 723, 311, 393, 592, 477, 543, 165, 180, 681, 88, 16, 154, 451, 239, 445, 449, 649, 662, 48, 489, 670, 140, 668, 609, 107, 155, 75, 10, 433, 448, 415, 132, 250, 689, 213, 740, 579, 87, 191, 318, 143, 647, 447, 315, 244, 5, 235, 238, 135, 151, 69, 147]"
"16","57.82941746711731","135807.046875","139320.8833955224","[0, 41, 665, 33, 374, 569, 435, 211, 373, 652, 229, 719, 554, 347, 696, 217, 729, 199, 371, 56, 600, 526, 237, 44, 712, 106, 631, 700, 195, 439, 734, 78, 434, 378, 72, 677, 76, 570, 314, 181, 333, 636, 24, 61, 243, 223, 190, 709, 406, 390, 509, 251, 653, 220, 587, 38, 335, 368, 522, 545, 582, 45, 747, 715, 240, 661, 13, 62, 284, 403, 136, 529, 450, 205, 566, 172, 246, 185, 267, 455, 519, 617, 679, 461, 544, 28, 1, 457, 618, 241, 384, 307, 287, 514, 530, 553, 558, 742, 671, 332, 615, 206, 604, 22, 85, 658, 630, 53, 31, 52, 562, 178, 356, 208, 568, 532, 254, 714, 120, 565, 201, 589, 394, 29, 274, 463, 326, 142, 563, 327, 302, 410, 557, 291, 518, 12, 391, 276, 266, 54, 297, 414, 242, 283, 36, 103, 34, 365, 657, 90, 607, 650, 510, 506, 224, 362, 505, 312, 697, 346, 624, 173, 561, 301, 342, 74, 328, 572, 576, 370, 105, 413, 469, 642, 277, 541, 164, 540, 364, 104, 37, 183, 459, 440, 317, 550, 546, 252, 431, 725, 648, 746, 511, 42, 487, 294, 515, 369, 352, 192, 548, 94, 664, 325, 116, 425, 4, 207, 438, 502, 359, 454, 2, 432, 527, 626, 122, 599, 295, 209, 493, 354, 404, 377, 528, 60, 148, 736, 305, 523, 98, 655, 535, 478, 367, 674, 628, 157, 300, 480, 483, 594, 231, 571, 693, 137, 641, 330, 639, 705, 204, 102, 366, 275, 380, 549, 556, 25, 194, 386, 15, 476, 398, 126, 501, 542, 684, 560, 350, 726, 289, 227, 632, 269, 47, 497, 596, 259, 494, 703, 739, 500, 538, 163, 222, 732, 503, 702, 606, 421, 216, 721, 417, 462, 612, 101, 687, 256, 382, 99, 456, 385, 310, 355, 299, 110, 258, 591, 282, 159, 331, 127, 40, 345, 82, 286, 383, 125, 416, 162, 744, 619, 344, 281, 395, 32, 200, 616, 360, 145, 621, 171, 484, 280, 129, 682, 673, 247, 109, 713, 19, 603, 123, 260, 196, 188, 7, 257, 388, 212, 698, 691, 595, 666, 614, 520, 134, 470, 508, 643, 701, 357, 727, 49, 686, 397, 428, 564, 399, 590, 611, 678, 699, 622, 153, 278, 57, 361, 586, 112, 177, 683, 228, 322, 215, 672, 581, 50, 610, 517, 43, 737, 230, 408, 203, 150, 584, 152, 236, 465, 443, 86, 376, 293, 491, 234, 6, 296, 667, 387, 20, 555, 21, 547, 685, 121, 268, 133, 338, 471, 30, 341, 392, 430, 598, 580, 660, 9, 63, 669, 411, 627, 95, 676, 202, 704, 232, 186, 166, 420, 39, 640, 292, 198, 436, 179, 473, 321, 167, 475, 486, 225, 262, 422, 66, 168, 197, 26, 654, 221, 340, 735, 176, 304, 466, 175, 59, 113, 189, 73, 3, 738, 559, 51, 320, 634, 141, 625, 583, 156, 446, 424, 81, 623, 680, 349, 651, 407, 337, 288, 426, 261, 578, 363, 601, 248, 412, 184, 552, 749, 504, 272, 748, 659, 402, 400, 573, 437, 605, 593, 351, 588, 144, 174, 245, 96, 14, 93, 273, 405, 83, 637, 114, 118, 418, 663, 496, 89, 498, 8, 131, 597, 263, 55, 716, 372, 324, 694, 290, 488, 525, 492, 161, 23, 353, 182, 329, 253, 149, 464, 115, 499, 516, 533, 339, 688, 608, 80, 46, 265, 706, 70, 313, 733, 218, 35, 482, 210, 309, 58, 17, 169, 512, 531, 138, 656, 139, 419, 692, 575, 613, 722, 441, 646, 423, 303, 255, 711, 710, 468, 100, 219, 458, 323, 264, 68, 745, 467, 485, 119, 409, 452, 27, 187, 567, 644, 170, 396, 130, 707, 389, 279, 193, 633, 720, 97, 226, 728, 401, 146, 91, 442, 79, 343, 675, 620, 117, 472, 64, 695, 490, 731, 577, 92, 18, 65, 479, 375, 537, 629, 539, 358, 128, 108, 474, 724, 124, 77, 444, 84, 214, 271, 481, 645, 379, 534, 507, 158, 429, 306, 717, 524, 585, 453, 427, 602, 741, 308, 71, 708, 160, 551, 730, 334, 285, 690, 381, 513, 718, 495, 521, 635, 11, 249, 574, 638, 111, 67, 270, 743, 336, 316, 536, 460, 319, 348, 233, 298, 723, 311, 393, 592, 477, 543, 165, 180, 681, 88, 16, 154, 451, 239, 445, 449, 649, 662, 48, 489, 670, 140, 668, 609, 107, 155, 75, 10, 433, 448, 415, 132, 250, 689, 213, 740, 579, 87, 191, 318, 143, 647, 447, 315, 244, 5, 235, 238, 135, 151, 69, 147]"
"17","61.66977882385254","135344.484375","139064.82501554728","[0, 41, 665, 33, 374, 569, 435, 211, 373, 652, 229, 719, 696, 554, 56, 347, 217, 729, 199, 371, 600, 526, 237, 44, 712, 106, 631, 700, 195, 439, 734, 78, 434, 378, 72, 677, 76, 570, 314, 181, 333, 636, 24, 61, 243, 223, 190, 709, 406, 390, 509, 335, 251, 653, 38, 587, 220, 522, 368, 545, 582, 45, 747, 715, 240, 661, 13, 62, 284, 403, 136, 529, 450, 205, 566, 172, 246, 185, 267, 455, 519, 617, 679, 461, 544, 28, 1, 457, 618, 241, 384, 307, 287, 514, 530, 553, 558, 742, 671, 332, 615, 206, 604, 22, 85, 658, 630, 53, 31, 52, 562, 178, 356, 208, 568, 532, 254, 714, 120, 565, 201, 589, 394, 29, 274, 463, 326, 142, 563, 327, 302, 410, 557, 291, 518, 12, 391, 276, 266, 54, 297, 414, 242, 283, 36, 103, 34, 365, 657, 90, 607, 650, 510, 506, 224, 362, 505, 312, 697, 346, 624, 173, 561, 301, 342, 74, 328, 572, 576, 370, 105, 413, 469, 642, 277, 541, 164, 540, 364, 104, 37, 183, 459, 440, 317, 550, 546, 252, 431, 725, 648, 746, 511, 42, 487, 294, 515, 369, 352, 192, 548, 94, 664, 325, 116, 425, 4, 207, 438, 502, 359, 454, 2, 432, 527, 626, 122, 599, 295, 209, 493, 354, 404, 377, 528, 60, 148, 736, 305, 523, 98, 655, 535, 478, 367, 674, 628, 157, 300, 480, 483, 594, 231, 571, 693, 137, 641, 330, 366, 549, 380, 275, 102, 639, 204, 705, 556, 25, 194, 386, 15, 476, 398, 126, 501, 542, 684, 560, 350, 726, 289, 227, 632, 269, 47, 497, 596, 259, 494, 703, 739, 500, 538, 163, 222, 732, 503, 702, 606, 421, 216, 721, 417, 462, 612, 101, 687, 256, 382, 99, 456, 385, 310, 355, 299, 110, 258, 591, 282, 159, 331, 127, 40, 345, 82, 286, 383, 125, 416, 162, 744, 619, 344, 281, 395, 32, 200, 616, 360, 145, 621, 171, 484, 280, 129, 682, 673, 247, 109, 713, 19, 603, 123, 260, 196, 188, 7, 257, 388, 212, 698, 691, 595, 666, 614, 520, 134, 470, 508, 643, 701, 357, 727, 49, 686, 397, 428, 564, 399, 590, 611, 678, 699, 622, 153, 278, 57, 361, 586, 112, 177, 683, 228, 322, 215, 672, 581, 50, 610, 517, 43, 737, 230, 408, 203, 150, 584, 152, 236, 465, 443, 86, 376, 293, 491, 234, 6, 296, 667, 387, 20, 555, 21, 547, 685, 121, 268, 133, 338, 471, 30, 341, 392, 430, 598, 580, 660, 9, 63, 669, 411, 627, 95, 676, 202, 704, 232, 186, 166, 420, 39, 640, 292, 198, 436, 179, 473, 321, 167, 475, 486, 225, 262, 422, 66, 168, 197, 26, 654, 221, 340, 735, 176, 304, 466, 175, 59, 113, 189, 73, 3, 738, 559, 51, 320, 634, 141, 625, 583, 156, 446, 424, 81, 623, 680, 349, 651, 407, 337, 288, 426, 261, 578, 363, 601, 248, 412, 184, 552, 749, 504, 272, 748, 659, 402, 400, 573, 437, 605, 593, 351, 588, 144, 174, 245, 96, 14, 93, 273, 405, 83, 637, 114, 118, 418, 663, 496, 89, 498, 8, 131, 597, 263, 55, 716, 372, 324, 694, 290, 488, 525, 492, 161, 23, 353, 182, 329, 253, 149, 464, 115, 499, 516, 533, 339, 688, 608, 80, 46, 265, 706, 70, 313, 733, 218, 35, 482, 210, 309, 58, 17, 169, 512, 531, 138, 656, 139, 419, 692, 575, 613, 722, 441, 646, 423, 303, 255, 711, 710, 468, 100, 219, 458, 323, 264, 68, 745, 467, 485, 119, 409, 452, 27, 187, 567, 644, 170, 396, 130, 707, 389, 279, 193, 633, 720, 97, 226, 728, 401, 146, 91, 442, 79, 343, 675, 620, 117, 472, 64, 695, 490, 731, 577, 92, 18, 65, 479, 375, 537, 629, 539, 358, 128, 108, 474, 724, 124, 77, 444, 84, 214, 271, 481, 645, 379, 534, 507, 158, 429, 306, 717, 524, 585, 453, 427, 602, 741, 308, 71, 708, 160, 551, 730, 334, 285, 690, 381, 513, 718, 495, 521, 635, 11, 249, 574, 638, 111, 67, 270, 743, 336, 316, 536, 460, 319, 348, 233, 298, 723, 311, 393, 592, 477, 543, 165, 180, 681, 88, 16, 154, 451, 239, 445, 449, 649, 662, 48, 489, 670, 140, 668, 609, 107, 155, 75, 10, 433, 448, 415, 132, 250, 689, 213, 740, 579, 87, 191, 318, 143, 647, 447, 315, 244, 5, 235, 238, 135, 151, 69, 147]"
"18","65.46932363510132","135219.515625","139104.76819029852","[0, 41, 665, 33, 374, 569, 435, 211, 373, 652, 229, 719, 696, 554, 56, 347, 217, 729, 199, 371, 600, 526, 237, 44, 712, 106, 631, 700, 195, 439, 734, 78, 434, 378, 72, 677, 76, 570, 314, 181, 333, 636, 24, 61, 243, 223, 190, 709, 406, 390, 509, 335, 251, 653, 38, 587, 220, 522, 368, 545, 582, 45, 747, 715, 240, 661, 13, 62, 284, 403, 136, 529, 450, 205, 566, 172, 246, 185, 267, 455, 519, 617, 679, 461, 544, 28, 1, 457, 618, 241, 384, 307, 287, 514, 530, 553, 558, 742, 671, 332, 615, 206, 604, 22, 85, 658, 630, 53, 31, 52, 562, 178, 356, 208, 568, 532, 254, 714, 120, 565, 201, 589, 394, 29, 274, 463, 326, 142, 563, 327, 302, 410, 557, 291, 518, 12, 391, 276, 266, 54, 297, 414, 242, 283, 36, 103, 34, 365, 657, 90, 607, 650, 510, 506, 224, 362, 505, 312, 697, 346, 624, 173, 561, 301, 342, 74, 328, 572, 576, 370, 105, 413, 469, 642, 277, 541, 164, 540, 364, 104, 37, 183, 459, 440, 317, 550, 546, 252, 431, 725, 648, 746, 511, 42, 487, 294, 515, 369, 352, 192, 548, 94, 664, 325, 116, 425, 4, 207, 438, 502, 359, 454, 2, 432, 527, 626, 122, 599, 295, 209, 493, 354, 404, 377, 528, 60, 148, 736, 305, 523, 98, 655, 535, 478, 367, 674, 628, 157, 300, 480, 483, 594, 231, 571, 693, 137, 641, 330, 366, 549, 380, 275, 102, 639, 204, 705, 556, 25, 194, 386, 15, 476, 398, 126, 501, 542, 684, 560, 350, 726, 289, 227, 632, 269, 47, 497, 596, 259, 494, 703, 739, 500, 538, 163, 222, 732, 503, 702, 606, 421, 216, 721, 417, 462, 612, 101, 687, 256, 382, 99, 456, 385, 310, 355, 299, 110, 258, 591, 282, 159, 331, 127, 40, 345, 82, 286, 383, 125, 416, 162, 744, 619, 344, 281, 395, 32, 200, 616, 360, 145, 621, 171, 484, 280, 129, 682, 673, 247, 109, 713, 19, 603, 123, 260, 196, 188, 7, 257, 388, 212, 698, 691, 595, 666, 614, 520, 134, 470, 508, 643, 701, 357, 727, 49, 686, 397, 428, 564, 399, 590, 611, 678, 699, 622, 153, 278, 57, 361, 586, 112, 177, 683, 228, 322, 215, 672, 581, 50, 610, 517, 43, 737, 203, 408, 150, 230, 584, 152, 236, 465, 443, 86, 376, 293, 491, 234, 6, 296, 667, 387, 20, 555, 21, 547, 685, 121, 268, 133, 338, 471, 30, 341, 392, 430, 598, 580, 660, 9, 63, 669, 411, 627, 95, 676, 202, 704, 232, 186, 166, 420, 39, 640, 292, 198, 436, 179, 473, 321, 167, 475, 486, 225, 262, 422, 66, 168, 197, 26, 654, 221, 340, 735, 176, 304, 466, 175, 59, 113, 189, 73, 3, 738, 559, 51, 320, 634, 141, 625, 583, 156, 446, 424, 81, 623, 680, 349, 651, 407, 337, 288, 426, 261, 578, 363, 601, 248, 412, 184, 552, 749, 504, 272, 748, 659, 402, 400, 573, 437, 605, 593, 351, 588, 144, 174, 245, 96, 14, 93, 273, 405, 83, 637, 114, 118, 418, 663, 496, 89, 498, 8, 131, 597, 263, 55, 716, 372, 324, 694, 290, 488, 525, 492, 161, 23, 353, 182, 329, 253, 149, 464, 115, 499, 516, 533, 339, 688, 608, 80, 46, 265, 706, 70, 313, 733, 218, 35, 482, 210, 309, 58, 17, 169, 512, 531, 138, 656, 139, 419, 692, 575, 613, 722, 441, 646, 423, 303, 255, 711, 710, 468, 100, 219, 458, 323, 264, 68, 745, 467, 485, 119, 409, 452, 27, 187, 567, 644, 170, 396, 130, 707, 389, 279, 193, 633, 720, 97, 226, 728, 401, 146, 91, 442, 79, 343, 675, 620, 117, 472, 64, 695, 490, 731, 577, 92, 18, 65, 479, 375, 537, 629, 539, 358, 128, 108, 474, 724, 124, 77, 444, 84, 214, 271, 481, 645, 379, 534, 507, 158, 429, 306, 717, 524, 585, 453, 427, 602, 741, 308, 71, 708, 160, 551, 730, 334, 285, 690, 381, 513, 718, 495, 521, 249, 635, 11, 638, 574, 111, 67, 270, 743, 336, 316, 536, 460, 319, 348, 233, 298, 723, 311, 393, 592, 477, 543, 165, 180, 681, 88, 16, 154, 451, 239, 445, 449, 649, 662, 48, 489, 670, 140, 668, 609, 107, 155, 75, 10, 433, 448, 415, 132, 250, 689, 213, 740, 579, 87, 191, 318, 143, 647, 447, 315, 244, 5, 235, 238, 135, 151, 69, 147]"
"19","69.26931715011597","135111.859375","138909.99479166666","[0, 41, 665, 33, 374, 569, 435, 211, 373, 652, 229, 719, 696, 554, 56, 347, 217, 729, 199, 371, 600, 526, 237, 44, 712, 106, 631, 700, 195, 439, 734, 78, 434, 378, 72, 677, 76, 570, 314, 181, 333, 636, 24, 61, 243, 223, 190, 709, 406, 390, 509, 335, 251, 653, 38, 587, 220, 522, 368, 545, 582, 45, 747, 715, 240, 661, 13, 62, 284, 403, 136, 529, 450, 205, 566, 172, 246, 185, 267, 455, 519, 617, 679, 461, 544, 28, 1, 457, 618, 241, 384, 307, 287, 514, 530, 553, 558, 742, 671, 332, 615, 206, 604, 22, 85, 658, 630, 53, 31, 52, 562, 178, 356, 208, 568, 532, 254, 714, 120, 565, 201, 589, 394, 29, 274, 463, 326, 142, 563, 327, 302, 410, 557, 291, 518, 12, 391, 276, 266, 54, 297, 414, 242, 283, 36, 103, 34, 365, 657, 90, 607, 650, 510, 506, 224, 362, 505, 312, 697, 346, 624, 173, 561, 301, 342, 74, 328, 572, 576, 370, 105, 413, 469, 642, 277, 541, 164, 540, 364, 104, 37, 183, 459, 440, 317, 550, 546, 252, 431, 725, 648, 746, 511, 42, 487, 294, 515, 369, 352, 192, 548, 94, 664, 325, 116, 425, 4, 207, 438, 502, 359, 454, 2, 432, 527, 626, 122, 599, 295, 209, 493, 354, 404, 377, 528, 60, 148, 736, 305, 523, 98, 655, 535, 478, 367, 674, 628, 157, 300, 480, 483, 594, 231, 571, 693, 137, 641, 330, 366, 549, 380, 275, 102, 639, 204, 705, 556, 25, 194, 386, 15, 476, 398, 126, 501, 542, 684, 560, 350, 726, 289, 269, 47, 227, 632, 497, 596, 259, 494, 703, 739, 500, 538, 163, 222, 732, 503, 702, 606, 421, 216, 721, 417, 462, 612, 101, 687, 256, 382, 99, 456, 385, 310, 355, 299, 110, 258, 591, 282, 159, 331, 127, 40, 345, 82, 286, 383, 125, 416, 162, 744, 619, 344, 281, 395, 32, 200, 616, 360, 145, 621, 171, 484, 280, 129, 682, 673, 247, 109, 713, 19, 603, 123, 260, 196, 188, 7, 257, 388, 212, 698, 691, 595, 666, 614, 520, 134, 470, 508, 643, 701, 357, 727, 49, 686, 397, 428, 564, 399, 590, 611, 678, 699, 622, 153, 278, 57, 361, 586, 112, 177, 683, 228, 322, 215, 672, 581, 50, 610, 517, 43, 737, 230, 408, 203, 150, 584, 152, 236, 465, 443, 86, 376, 293, 491, 234, 6, 296, 667, 387, 20, 555, 21, 547, 685, 121, 268, 133, 338, 471, 30, 341, 392, 430, 598, 580, 660, 9, 63, 669, 411, 627, 95, 676, 202, 704, 232, 186, 166, 420, 39, 640, 292, 198, 436, 179, 473, 321, 167, 475, 486, 225, 262, 422, 66, 168, 197, 26, 654, 221, 340, 735, 176, 304, 466, 175, 59, 113, 189, 73, 3, 738, 559, 51, 320, 634, 141, 625, 583, 156, 446, 424, 81, 623, 680, 349, 651, 407, 337, 288, 426, 261, 578, 363, 601, 248, 412, 184, 552, 749, 504, 272, 748, 659, 402, 400, 573, 437, 605, 593, 351, 588, 144, 174, 245, 96, 14, 93, 273, 405, 83, 637, 114, 118, 418, 663, 496, 89, 498, 8, 131, 597, 263, 55, 716, 372, 324, 694, 290, 488, 525, 492, 161, 23, 353, 182, 329, 253, 149, 464, 115, 499, 516, 533, 339, 688, 608, 80, 46, 265, 706, 70, 313, 733, 218, 35, 482, 210, 309, 58, 17, 169, 512, 531, 138, 656, 139, 419, 692, 575, 613, 722, 441, 646, 423, 303, 255, 711, 710, 468, 100, 219, 458, 323, 264, 68, 745, 467, 485, 119, 409, 452, 27, 187, 567, 644, 170, 396, 130, 707, 389, 279, 193, 633, 720, 97, 226, 728, 401, 146, 91, 442, 79, 343, 675, 620, 117, 472, 64, 695, 490, 731, 577, 92, 18, 65, 479, 375, 537, 629, 539, 358, 128, 108, 474, 724, 124, 77, 444, 84, 214, 271, 481, 645, 379, 534, 507, 158, 429, 306, 717, 524, 585, 453, 427, 602, 741, 308, 71, 708, 160, 551, 730, 334, 285, 690, 381, 513, 718, 495, 521, 249, 635, 11, 638, 574, 111, 67, 270, 743, 336, 316, 536, 460, 319, 348, 233, 298, 723, 311, 393, 592, 477, 543, 165, 180, 681, 88, 16, 154, 451, 239, 445, 449, 649, 662, 48, 489, 670, 140, 668, 609, 107, 155, 75, 10, 433, 448, 415, 132, 250, 689, 213, 740, 579, 87, 191, 318, 143, 647, 447, 315, 244, 5, 235, 238, 135, 151, 69, 147]"
"20","73.06990385055542","135056.125","138757.69574004976","[0, 41, 665, 33, 374, 569, 435, 211, 373, 652, 229, 719, 696, 554, 56, 347, 217, 729, 199, 371, 600, 526, 237, 44, 712, 106, 631, 700, 195, 439, 734, 78, 434, 378, 72, 677, 76, 570, 314, 181, 333, 636, 24, 61, 243, 223, 190, 709, 406, 390, 509, 335, 251, 653, 38, 587, 220, 522, 368, 545, 582, 45, 747, 715, 240, 661, 13, 62, 284, 403, 136, 529, 450, 205, 566, 172, 246, 185, 267, 455, 519, 617, 679, 461, 544, 28, 1, 457, 618, 241, 384, 307, 287, 514, 530, 553, 558, 742, 671, 332, 615, 206, 604, 22, 85, 658, 630, 53, 31, 52, 562, 178, 356, 208, 568, 532, 254, 714, 120, 565, 201, 589, 394, 29, 274, 463, 326, 142, 563, 327, 302, 410, 557, 291, 518, 12, 391, 276, 266, 54, 297, 414, 242, 283, 36, 103, 34, 365, 657, 90, 607, 650, 510, 506, 224, 362, 505, 312, 697, 346, 624, 173, 561, 301, 342, 74, 328, 572, 576, 370, 105, 413, 469, 642, 277, 541, 164, 540, 364, 104, 37, 183, 459, 440, 317, 550, 546, 252, 431, 725, 648, 746, 511, 42, 487, 294, 515, 369, 352, 192, 548, 94, 664, 325, 116, 425, 4, 207, 438, 502, 359, 454, 2, 432, 527, 626, 122, 599, 295, 209, 493, 354, 404, 377, 528, 60, 148, 736, 305, 523, 98, 655, 535, 478, 367, 674, 628, 157, 300, 480, 483, 594, 231, 571, 693, 137, 641, 330, 366, 549, 380, 275, 102, 639, 204, 705, 556, 25, 194, 386, 15, 476, 398, 126, 501, 542, 684, 560, 350, 726, 289, 269, 47, 227, 632, 497, 596, 259, 494, 703, 739, 500, 538, 163, 222, 732, 503, 702, 606, 421, 216, 721, 417, 462, 612, 101, 687, 256, 382, 99, 456, 385, 310, 355, 299, 110, 258, 591, 282, 159, 331, 127, 40, 345, 82, 286, 383, 125, 416, 162, 744, 619, 344, 281, 395, 32, 200, 616, 360, 145, 621, 171, 484, 280, 129, 682, 673, 247, 109, 713, 19, 603, 123, 260, 196, 188, 7, 257, 388, 212, 698, 691, 595, 666, 614, 520, 134, 470, 508, 643, 701, 357, 727, 49, 686, 397, 428, 564, 399, 590, 611, 678, 699, 622, 153, 278, 57, 361, 586, 112, 177, 683, 228, 322, 215, 672, 581, 50, 610, 517, 43, 737, 203, 408, 150, 230, 584, 152, 236, 465, 443, 86, 376, 293, 491, 234, 6, 296, 667, 387, 20, 555, 21, 547, 685, 121, 268, 133, 338, 471, 30, 341, 392, 430, 598, 580, 660, 9, 63, 669, 411, 627, 95, 676, 202, 704, 232, 186, 166, 420, 39, 640, 292, 198, 436, 179, 473, 321, 167, 475, 486, 225, 262, 422, 66, 168, 197, 26, 654, 221, 340, 735, 176, 304, 466, 175, 59, 113, 189, 73, 3, 738, 559, 51, 320, 634, 141, 625, 583, 156, 446, 424, 81, 623, 680, 349, 651, 407, 337, 288, 426, 261, 578, 363, 601, 248, 412, 184, 552, 749, 504, 272, 748, 659, 402, 400, 573, 437, 605, 593, 351, 588, 144, 174, 245, 96, 14, 93, 273, 405, 83, 637, 114, 118, 418, 663, 496, 89, 498, 8, 131, 597, 263, 55, 716, 372, 324, 694, 290, 488, 525, 492, 161, 23, 353, 182, 329, 253, 149, 464, 115, 499, 516, 533, 339, 688, 608, 80, 46, 265, 706, 70, 313, 733, 218, 35, 482, 210, 309, 58, 17, 169, 512, 531, 138, 656, 139, 419, 692, 575, 613, 722, 441, 646, 423, 303, 255, 711, 710, 468, 100, 219, 458, 323, 264, 68, 745, 467, 485, 119, 409, 452, 27, 187, 567, 644, 170, 396, 130, 707, 389, 279, 193, 633, 720, 97, 226, 728, 401, 146, 91, 442, 79, 343, 675, 620, 117, 472, 64, 695, 490, 731, 577, 92, 18, 65, 479, 375, 537, 629, 539, 358, 128, 108, 474, 724, 124, 77, 444, 84, 214, 271, 481, 645, 379, 534, 507, 158, 429, 306, 717, 524, 585, 453, 427, 602, 741, 308, 71, 708, 160, 551, 730, 334, 285, 690, 381, 513, 718, 495, 521, 249, 635, 11, 638, 574, 111, 67, 270, 743, 336, 316, 536, 460, 319, 348, 233, 298, 723, 311, 393, 592, 477, 543, 165, 180, 681, 88, 16, 154, 451, 239, 445, 449, 649, 662, 48, 489, 670, 140, 668, 609, 107, 155, 75, 10, 433, 448, 415, 132, 250, 689, 213, 740, 579, 87, 191, 318, 143, 647, 447, 315, 244, 5, 235, 238, 135, 151, 69, 147]"
"21","76.89003229141235","135041.578125","138545.76741293533","[0, 41, 665, 33, 374, 569, 435, 211, 373, 652, 229, 719, 696, 554, 56, 347, 217, 729, 199, 371, 600, 526, 237, 44, 712, 106, 631, 700, 195, 439, 734, 78, 434, 378, 72, 677, 76, 570, 314, 181, 333, 636, 24, 61, 243, 223, 190, 709, 406, 390, 509, 335, 251, 653, 38, 587, 220, 522, 368, 545, 582, 45, 747, 715, 240, 661, 13, 62, 284, 403, 136, 529, 450, 205, 566, 172, 246, 185, 267, 455, 519, 617, 679, 461, 544, 28, 1, 457, 618, 241, 384, 307, 287, 514, 530, 553, 558, 742, 671, 332, 615, 206, 604, 22, 85, 658, 630, 53, 31, 52, 562, 178, 356, 208, 568, 532, 254, 714, 120, 565, 201, 589, 394, 29, 274, 463, 326, 142, 563, 327, 302, 410, 557, 291, 518, 12, 391, 276, 266, 54, 297, 414, 242, 283, 36, 103, 34, 365, 657, 90, 607, 650, 510, 506, 224, 362, 505, 312, 697, 346, 624, 173, 561, 301, 342, 74, 328, 572, 576, 370, 105, 413, 469, 642, 277, 541, 164, 540, 364, 104, 37, 183, 459, 440, 317, 550, 546, 252, 431, 725, 648, 746, 511, 42, 487, 294, 515, 369, 352, 192, 548, 94, 664, 325, 116, 425, 4, 207, 438, 502, 359, 454, 2, 432, 527, 626, 122, 599, 295, 209, 493, 354, 404, 377, 528, 60, 148, 736, 305, 523, 98, 655, 535, 478, 367, 674, 628, 157, 300, 480, 483, 594, 231, 571, 693, 137, 641, 330, 366, 549, 380, 275, 102, 639, 204, 705, 556, 25, 194, 386, 15, 476, 398, 126, 501, 542, 684, 560, 350, 726, 289, 269, 47, 227, 632, 497, 596, 259, 494, 703, 739, 500, 538, 163, 222, 732, 503, 702, 606, 421, 216, 721, 417, 462, 612, 101, 687, 256, 382, 99, 456, 385, 310, 355, 299, 110, 258, 591, 282, 159, 331, 127, 40, 345, 82, 286, 383, 125, 416, 162, 744, 619, 344, 281, 395, 32, 200, 616, 360, 145, 621, 171, 484, 280, 129, 682, 673, 247, 109, 713, 19, 603, 123, 260, 196, 188, 7, 257, 388, 212, 698, 691, 595, 666, 614, 520, 134, 470, 508, 643, 701, 357, 727, 49, 686, 397, 428, 564, 399, 590, 611, 678, 699, 622, 153, 278, 57, 361, 586, 112, 177, 683, 228, 322, 215, 672, 581, 50, 610, 517, 43, 737, 203, 408, 150, 230, 584, 152, 236, 465, 443, 86, 376, 293, 491, 234, 6, 296, 667, 387, 20, 555, 21, 547, 685, 121, 268, 133, 338, 471, 30, 341, 392, 430, 598, 580, 660, 9, 63, 669, 411, 627, 95, 676, 202, 704, 232, 186, 166, 420, 39, 640, 292, 198, 436, 179, 473, 321, 167, 475, 486, 225, 262, 422, 66, 168, 197, 26, 654, 221, 340, 735, 176, 304, 466, 175, 59, 113, 189, 73, 3, 738, 559, 51, 320, 634, 141, 625, 583, 156, 446, 424, 81, 623, 680, 349, 651, 407, 337, 288, 426, 261, 578, 363, 601, 248, 412, 184, 552, 749, 504, 272, 748, 659, 402, 400, 573, 437, 605, 593, 351, 588, 144, 174, 245, 96, 14, 93, 273, 405, 83, 637, 114, 118, 418, 663, 496, 89, 498, 8, 131, 597, 263, 55, 716, 372, 324, 694, 492, 525, 161, 488, 290, 23, 353, 182, 329, 253, 149, 464, 115, 499, 516, 533, 339, 688, 608, 80, 46, 265, 706, 70, 313, 733, 218, 35, 482, 210, 309, 58, 17, 169, 512, 531, 138, 656, 139, 419, 692, 575, 613, 722, 441, 646, 423, 303, 255, 711, 710, 468, 100, 219, 458, 323, 264, 68, 745, 467, 485, 119, 409, 452, 27, 187, 567, 644, 170, 396, 130, 707, 389, 279, 193, 633, 720, 97, 226, 728, 401, 146, 91, 442, 79, 343, 675, 620, 117, 472, 64, 695, 490, 731, 577, 92, 18, 65, 479, 375, 537, 629, 539, 358, 128, 108, 474, 724, 124, 77, 444, 84, 214, 271, 481, 645, 379, 534, 507, 158, 429, 306, 717, 524, 585, 453, 427, 602, 741, 308, 71, 708, 160, 551, 730, 334, 285, 690, 381, 513, 718, 495, 521, 249, 635, 11, 638, 574, 111, 67, 270, 743, 336, 316, 536, 460, 319, 348, 233, 298, 723, 311, 393, 592, 477, 543, 165, 180, 681, 88, 16, 154, 451, 239, 445, 449, 649, 662, 48, 489, 670, 140, 668, 609, 107, 155, 75, 10, 433, 448, 415, 132, 250, 689, 213, 740, 579, 87, 191, 318, 143, 647, 447, 315, 244, 5, 235, 238, 135, 151, 69, 147]"
"22","80.71481108665466","135039.21875","138366.50769589553","[0, 41, 665, 33, 374, 569, 435, 211, 373, 652, 229, 719, 696, 554, 347, 56, 217, 199, 729, 371, 600, 526, 237, 44, 712, 106, 631, 700, 195, 439, 734, 78, 434, 378, 72, 677, 76, 570, 314, 181, 333, 636, 24, 61, 243, 223, 190, 709, 406, 390, 509, 335, 251, 653, 38, 587, 220, 522, 368, 545, 582, 45, 747, 715, 240, 661, 13, 62, 284, 403, 136, 529, 450, 205, 566, 172, 246, 185, 267, 455, 519, 617, 679, 461, 544, 28, 1, 457, 618, 241, 384, 307, 287, 514, 530, 553, 558, 742, 671, 332, 615, 206, 604, 22, 85, 658, 630, 53, 31, 52, 562, 178, 356, 208, 568, 532, 254, 714, 120, 565, 201, 589, 394, 29, 274, 463, 326, 142, 563, 327, 302, 410, 557, 291, 518, 12, 391, 276, 266, 54, 297, 414, 242, 283, 36, 103, 34, 365, 657, 90, 607, 650, 510, 506, 224, 362, 505, 312, 697, 346, 624, 173, 561, 301, 342, 74, 328, 572, 576, 370, 105, 413, 469, 642, 277, 541, 164, 540, 364, 104, 37, 183, 459, 440, 317, 550, 546, 252, 431, 725, 648, 746, 511, 42, 487, 294, 515, 369, 352, 192, 548, 94, 664, 325, 116, 425, 4, 207, 438, 502, 359, 454, 2, 432, 527, 626, 122, 599, 295, 209, 493, 354, 404, 377, 528, 60, 148, 736, 305, 523, 98, 655, 535, 478, 367, 674, 628, 157, 300, 480, 483, 594, 231, 571, 693, 137, 641, 330, 366, 549, 380, 275, 102, 639, 204, 705, 556, 25, 194, 386, 15, 476, 398, 126, 501, 542, 684, 560, 350, 726, 289, 269, 47, 227, 632, 497, 596, 259, 494, 703, 739, 500, 538, 163, 222, 732, 503, 702, 606, 421, 216, 721, 417, 462, 612, 101, 687, 256, 382, 99, 456, 385, 310, 355, 299, 110, 258, 591, 282, 159, 331, 127, 40, 345, 82, 286, 383, 125, 416, 162, 744, 619, 344, 281, 395, 32, 200, 616, 360, 145, 621, 171, 484, 280, 129, 682, 673, 247, 109, 713, 19, 603, 123, 260, 196, 188, 7, 257, 388, 212, 698, 691, 595, 666, 614, 520, 134, 470, 508, 643, 701, 357, 727, 49, 686, 397, 428, 564, 399, 590, 611, 678, 699, 622, 153, 278, 57, 361, 586, 112, 177, 683, 228, 322, 215, 672, 581, 50, 610, 517, 43, 737, 203, 408, 150, 230, 584, 152, 236, 465, 443, 86, 376, 293, 491, 234, 6, 296, 667, 387, 20, 555, 21, 547, 685, 121, 268, 133, 338, 471, 30, 341, 392, 430, 598, 580, 660, 9, 63, 669, 411, 627, 95, 676, 202, 704, 232, 186, 166, 420, 39, 640, 292, 198, 436, 179, 473, 321, 167, 475, 486, 225, 262, 422, 66, 168, 197, 26, 654, 221, 340, 735, 176, 304, 466, 175, 59, 113, 189, 73, 3, 738, 559, 51, 320, 634, 141, 625, 583, 156, 446, 424, 81, 623, 680, 349, 651, 407, 337, 288, 426, 261, 578, 363, 601, 248, 412, 184, 552, 749, 504, 272, 748, 659, 402, 400, 573, 437, 605, 593, 351, 588, 144, 174, 245, 96, 14, 93, 273, 405, 83, 637, 114, 118, 418, 663, 496, 89, 498, 8, 131, 597, 263, 55, 716, 372, 324, 694, 290, 488, 525, 492, 161, 23, 353, 182, 329, 253, 149, 464, 115, 499, 516, 533, 339, 688, 608, 80, 46, 265, 706, 70, 313, 733, 218, 35, 482, 210, 309, 58, 17, 169, 512, 531, 138, 656, 139, 419, 692, 575, 613, 722, 441, 646, 423, 303, 255, 711, 710, 468, 100, 219, 458, 323, 264, 68, 745, 467, 485, 119, 409, 452, 27, 187, 567, 644, 170, 396, 130, 707, 389, 279, 193, 633, 720, 97, 226, 728, 401, 146, 91, 442, 79, 343, 675, 620, 117, 472, 64, 695, 490, 731, 577, 92, 18, 65, 479, 375, 537, 629, 539, 358, 128, 108, 474, 724, 124, 77, 444, 84, 214, 271, 481, 645, 379, 534, 507, 158, 429, 306, 717, 524, 585, 453, 427, 602, 741, 308, 71, 708, 160, 551, 730, 334, 285, 690, 381, 513, 718, 495, 521, 249, 635, 11, 638, 574, 111, 67, 270, 743, 336, 316, 536, 460, 319, 348, 233, 298, 723, 311, 393, 592, 477, 543, 165, 180, 681, 88, 16, 154, 451, 239, 445, 449, 649, 662, 48, 489, 670, 140, 668, 609, 107, 155, 75, 10, 433, 448, 415, 132, 250, 689, 213, 740, 579, 87, 191, 318, 143, 647, 447, 315, 244, 5, 235, 238, 135, 151, 69, 147]"
"23","84.53290295600891","134924.03125","138182.99168221393","[0, 41, 665, 33, 374, 569, 435, 211, 373, 652, 229, 719, 696, 554, 56, 347, 217, 729, 199, 371, 600, 526, 237, 44, 712, 106, 631, 700, 195, 439, 734, 78, 434, 378, 72, 677, 76, 570, 314, 181, 333, 636, 24, 61, 243, 223, 190, 709, 406, 390, 509, 335, 251, 653, 38, 587, 220, 522, 368, 545, 582, 45, 747, 715, 240, 661, 13, 62, 284, 403, 136, 529, 450, 205, 566, 172, 246, 185, 267, 455, 519, 617, 679, 461, 544, 28, 1, 457, 618, 241, 384, 307, 287, 514, 530, 553, 558, 742, 671, 332, 615, 206, 604, 22, 85, 658, 630, 53, 31, 52, 562, 178, 356, 208, 568, 532, 254, 714, 120, 565, 201, 589, 394, 29, 274, 463, 326, 142, 563, 327, 302, 410, 557, 291, 518, 12, 391, 276, 266, 54, 297, 414, 242, 283, 36, 103, 34, 365, 657, 90, 607, 650, 510, 506, 224, 362, 505, 312, 697, 346, 624, 173, 561, 301, 342, 74, 328, 572, 576, 370, 105, 413, 469, 642, 277, 541, 164, 540, 364, 104, 37, 183, 459, 440, 317, 550, 546, 252, 431, 725, 648, 746, 511, 42, 487, 294, 515, 369, 352, 192, 548, 94, 664, 325, 116, 425, 4, 207, 438, 502, 359, 454, 2, 432, 527, 626, 122, 599, 295, 209, 493, 354, 404, 377, 528, 60, 148, 736, 305, 523, 98, 655, 535, 478, 367, 674, 628, 157, 300, 480, 483, 594, 231, 571, 693, 137, 641, 330, 366, 549, 380, 275, 102, 639, 204, 705, 556, 25, 194, 386, 15, 476, 398, 126, 501, 542, 684, 560, 350, 726, 289, 269, 47, 227, 632, 497, 596, 259, 494, 703, 739, 500, 538, 163, 222, 732, 503, 702, 606, 421, 216, 721, 417, 462, 612, 101, 687, 256, 382, 99, 456, 385, 310, 355, 299, 110, 258, 591, 282, 159, 331, 127, 40, 345, 82, 286, 383, 125, 416, 162, 744, 619, 344, 281, 395, 32, 200, 616, 360, 145, 621, 171, 484, 280, 129, 682, 673, 247, 109, 713, 19, 603, 123, 260, 196, 188, 7, 257, 388, 212, 698, 691, 595, 666, 614, 520, 134, 470, 508, 643, 701, 357, 727, 49, 686, 397, 428, 564, 399, 590, 611, 678, 699, 622, 177, 586, 112, 153, 361, 278, 57, 683, 228, 322, 215, 672, 581, 50, 610, 517, 43, 737, 203, 408, 150, 230, 584, 152, 236, 465, 443, 86, 376, 293, 491, 234, 6, 296, 667, 387, 20, 555, 21, 547, 685, 121, 268, 133, 338, 471, 30, 341, 392, 430, 598, 580, 660, 9, 63, 669, 411, 627, 95, 676, 202, 704, 232, 186, 166, 420, 39, 640, 292, 198, 436, 179, 473, 321, 167, 475, 486, 225, 262, 422, 66, 168, 197, 26, 654, 221, 340, 735, 176, 304, 466, 175, 59, 113, 189, 73, 3, 738, 559, 51, 320, 634, 141, 625, 583, 156, 446, 424, 81, 623, 680, 349, 651, 407, 337, 288, 426, 261, 578, 363, 601, 248, 412, 184, 552, 749, 504, 272, 748, 659, 402, 400, 573, 437, 605, 593, 351, 588, 144, 174, 245, 96, 14, 93, 273, 405, 83, 637, 114, 118, 418, 663, 496, 89, 498, 8, 131, 597, 263, 55, 716, 372, 324, 694, 290, 488, 525, 492, 161, 23, 353, 182, 329, 253, 149, 464, 115, 499, 516, 533, 339, 688, 608, 80, 46, 265, 706, 70, 313, 733, 218, 35, 482, 210, 309, 58, 17, 169, 512, 531, 138, 656, 139, 419, 692, 575, 613, 722, 441, 646, 423, 303, 255, 711, 710, 468, 100, 219, 458, 323, 264, 68, 745, 467, 485, 119, 409, 452, 27, 187, 567, 644, 170, 396, 130, 707, 389, 279, 193, 633, 720, 97, 226, 728, 401, 146, 91, 442, 79, 343, 675, 620, 117, 472, 64, 695, 490, 731, 577, 92, 18, 65, 479, 375, 537, 629, 539, 358, 128, 108, 474, 724, 124, 77, 444, 84, 214, 271, 481, 645, 379, 534, 507, 158, 429, 306, 717, 524, 585, 453, 427, 602, 741, 308, 71, 708, 160, 551, 730, 334, 285, 690, 381, 513, 718, 495, 521, 249, 635, 11, 638, 574, 111, 67, 270, 743, 336, 316, 536, 460, 319, 348, 233, 298, 723, 311, 393, 592, 477, 543, 165, 180, 681, 88, 16, 154, 451, 239, 445, 449, 649, 662, 48, 489, 670, 140, 668, 609, 107, 155, 75, 10, 433, 448, 415, 132, 250, 689, 213, 740, 579, 87, 191, 318, 143, 647, 447, 315, 244, 5, 235, 238, 135, 151, 69, 147]"
"24","88.35234665870667","134861.859375","137866.66604477612","[0, 41, 665, 33, 374, 569, 435, 211, 373, 652, 229, 719, 696, 554, 56, 347, 217, 729, 199, 371, 600, 526, 237, 44, 712, 106, 631, 700, 195, 439, 734, 78, 434, 378, 72, 677, 76, 570, 314, 181, 333, 636, 24, 61, 243, 223, 190, 709, 406, 390, 509, 335, 251, 653, 38, 587, 220, 522, 368, 545, 582, 45, 747, 715, 240, 661, 13, 62, 284, 403, 136, 529, 450, 205, 566, 172, 246, 185, 267, 455, 519, 617, 679, 461, 544, 28, 1, 457, 618, 241, 384, 307, 287, 514, 530, 553, 558, 742, 671, 332, 615, 206, 604, 22, 85, 658, 630, 53, 31, 52, 562, 178, 356, 208, 568, 532, 254, 714, 120, 565, 201, 589, 394, 29, 274, 463, 326, 142, 563, 327, 302, 410, 557, 291, 518, 12, 391, 276, 266, 54, 297, 414, 242, 283, 36, 103, 34, 365, 657, 90, 607, 650, 510, 506, 224, 362, 505, 312, 697, 346, 624, 173, 561, 301, 342, 74, 328, 572, 576, 370, 105, 413, 469, 642, 277, 541, 164, 540, 364, 104, 37, 183, 459, 440, 317, 550, 546, 252, 431, 725, 648, 746, 511, 42, 487, 294, 515, 369, 352, 192, 548, 94, 664, 325, 116, 425, 438, 502, 359, 454, 2, 432, 207, 4, 527, 626, 122, 599, 295, 209, 493, 354, 404, 377, 528, 60, 148, 736, 305, 523, 98, 655, 535, 478, 367, 674, 628, 157, 300, 480, 483, 594, 231, 571, 693, 137, 641, 330, 366, 549, 380, 275, 102, 639, 204, 705, 556, 25, 194, 386, 15, 476, 398, 126, 501, 542, 684, 560, 350, 726, 289, 269, 47, 227, 632, 497, 596, 259, 494, 703, 739, 500, 538, 163, 222, 732, 503, 702, 606, 421, 216, 721, 417, 462, 612, 101, 687, 256, 382, 99, 456, 385, 310, 355, 299, 110, 258, 591, 282, 159, 331, 127, 40, 345, 82, 286, 383, 125, 416, 162, 744, 619, 344, 281, 395, 32, 200, 616, 360, 145, 621, 171, 484, 280, 129, 682, 673, 247, 109, 713, 19, 603, 123, 260, 196, 188, 7, 257, 388, 212, 698, 691, 595, 666, 614, 520, 134, 470, 508, 643, 701, 357, 727, 49, 686, 397, 428, 564, 399, 590, 611, 678, 699, 622, 177, 586, 112, 153, 361, 278, 57, 683, 228, 322, 215, 672, 581, 50, 610, 517, 43, 737, 203, 408, 150, 230, 584, 152, 236, 465, 443, 86, 376, 293, 491, 234, 6, 296, 667, 387, 20, 555, 21, 547, 685, 121, 268, 133, 338, 471, 30, 341, 392, 430, 598, 580, 660, 9, 63, 669, 411, 627, 95, 676, 202, 704, 232, 186, 166, 420, 39, 640, 292, 198, 436, 179, 473, 321, 167, 475, 486, 225, 262, 422, 66, 168, 197, 26, 654, 221, 340, 735, 176, 304, 466, 175, 59, 113, 189, 73, 3, 738, 559, 51, 320, 634, 141, 625, 583, 156, 446, 424, 81, 623, 680, 349, 651, 407, 337, 288, 426, 261, 578, 363, 601, 248, 412, 184, 552, 749, 504, 272, 748, 659, 402, 400, 573, 437, 605, 593, 351, 588, 144, 174, 245, 96, 14, 93, 273, 405, 83, 637, 114, 118, 418, 663, 496, 89, 498, 8, 131, 597, 263, 55, 716, 372, 324, 694, 290, 488, 525, 492, 161, 23, 353, 182, 329, 253, 149, 464, 115, 499, 516, 533, 339, 688, 608, 80, 46, 265, 706, 70, 313, 733, 218, 35, 482, 210, 309, 58, 17, 169, 512, 531, 138, 656, 139, 419, 692, 575, 613, 722, 441, 646, 423, 303, 255, 711, 710, 468, 100, 219, 458, 323, 264, 68, 745, 467, 485, 119, 409, 452, 27, 187, 567, 644, 170, 396, 130, 707, 389, 279, 193, 633, 720, 97, 226, 728, 401, 146, 91, 442, 79, 343, 675, 620, 117, 472, 64, 695, 490, 731, 577, 92, 18, 65, 479, 375, 537, 629, 539, 358, 128, 108, 474, 724, 124, 77, 444, 84, 214, 271, 481, 645, 379, 534, 507, 158, 429, 306, 717, 524, 585, 453, 427, 602, 741, 308, 71, 708, 160, 551, 730, 334, 285, 690, 381, 513, 718, 495, 521, 249, 635, 11, 638, 574, 111, 67, 270, 743, 336, 316, 536, 460, 319, 348, 233, 298, 723, 311, 393, 592, 477, 543, 165, 180, 681, 88, 16, 154, 451, 239, 445, 449, 649, 662, 48, 489, 670, 140, 668, 609, 107, 155, 75, 10, 433, 448, 415, 132, 250, 689, 213, 740, 579, 87, 191, 318, 143, 647, 447, 315, 244, 5, 235, 238, 135, 151, 69, 147]"
"25","92.1619861125946","134822.546875","137601.27176616914","[0, 41, 665, 33, 374, 569, 435, 211, 373, 652, 229, 719, 696, 217, 371, 729, 199, 554, 347, 56, 600, 526, 237, 44, 712, 106, 631, 700, 195, 439, 734, 78, 434, 378, 72, 677, 76, 570, 314, 181, 333, 636, 24, 61, 243, 223, 190, 709, 406, 390, 509, 335, 251, 653, 38, 587, 220, 522, 368, 545, 582, 45, 747, 715, 240, 661, 13, 62, 284, 403, 136, 529, 450, 205, 566, 172, 246, 185, 267, 455, 519, 617, 679, 461, 544, 28, 1, 457, 618, 241, 384, 307, 287, 514, 530, 553, 558, 742, 671, 332, 615, 206, 604, 22, 85, 658, 630, 53, 31, 52, 562, 178, 356, 208, 568, 532, 254, 714, 120, 565, 201, 589, 394, 29, 274, 463, 326, 142, 563, 327, 302, 410, 557, 291, 518, 12, 391, 276, 266, 54, 297, 414, 242, 283, 36, 103, 34, 365, 657, 90, 607, 650, 510, 506, 224, 362, 505, 312, 697, 346, 624, 173, 561, 301, 342, 74, 328, 572, 576, 370, 105, 413, 469, 642, 277, 541, 164, 540, 364, 104, 37, 183, 459, 440, 317, 550, 546, 252, 431, 725, 648, 746, 511, 42, 487, 294, 515, 369, 352, 192, 548, 94, 664, 325, 116, 425, 4, 207, 438, 502, 359, 454, 2, 432, 527, 626, 122, 599, 295, 209, 493, 354, 404, 377, 528, 60, 148, 736, 305, 523, 98, 655, 535, 478, 367, 674, 628, 157, 300, 480, 483, 594, 231, 571, 693, 137, 641, 330, 366, 549, 380, 275, 102, 639, 204, 705, 556, 25, 194, 386, 15, 476, 398, 126, 501, 542, 684, 560, 350, 726, 289, 269, 47, 227, 632, 497, 596, 259, 494, 703, 739, 500, 538, 163, 222, 732, 503, 702, 606, 421, 216, 721, 417, 462, 612, 101, 687, 256, 382, 99, 456, 385, 310, 355, 299, 110, 258, 591, 282, 159, 331, 127, 40, 345, 82, 286, 383, 125, 416, 162, 744, 619, 344, 281, 395, 32, 200, 616, 360, 145, 621, 171, 484, 280, 129, 682, 673, 247, 109, 713, 19, 603, 123, 260, 196, 188, 7, 257, 388, 212, 698, 691, 595, 666, 614, 520, 134, 470, 508, 643, 701, 357, 727, 49, 686, 397, 428, 564, 399, 590, 611, 678, 699, 622, 177, 586, 112, 153, 361, 278, 57, 683, 228, 322, 215, 672, 581, 50, 610, 517, 43, 737, 203, 408, 150, 230, 584, 152, 236, 465, 443, 86, 376, 293, 491, 234, 6, 296, 667, 387, 20, 555, 21, 547, 685, 121, 268, 133, 338, 471, 30, 341, 392, 430, 598, 580, 660, 9, 63, 669, 411, 627, 95, 676, 202, 704, 232, 186, 166, 420, 39, 640, 292, 198, 436, 179, 473, 321, 167, 475, 486, 225, 262, 422, 66, 168, 197, 26, 654, 221, 340, 735, 176, 304, 466, 175, 59, 113, 189, 73, 3, 738, 559, 51, 320, 634, 141, 625, 583, 156, 446, 424, 81, 623, 680, 349, 651, 407, 337, 288, 426, 261, 578, 363, 601, 248, 412, 184, 552, 749, 504, 272, 748, 659, 402, 400, 573, 437, 605, 593, 351, 588, 144, 174, 245, 96, 14, 93, 273, 405, 83, 637, 114, 118, 418, 663, 496, 89, 498, 8, 131, 597, 263, 55, 716, 372, 324, 694, 290, 488, 525, 492, 161, 23, 353, 182, 329, 253, 149, 464, 115, 499, 516, 533, 339, 688, 608, 80, 46, 265, 706, 70, 313, 733, 218, 35, 482, 210, 309, 58, 17, 169, 512, 531, 138, 656, 139, 419, 692, 575, 613, 722, 441, 646, 423, 303, 255, 711, 710, 468, 100, 219, 458, 323, 264, 68, 745, 467, 485, 119, 409, 452, 27, 187, 567, 644, 170, 396, 130, 707, 389, 279, 193, 633, 720, 97, 226, 728, 401, 146, 91, 442, 79, 343, 675, 620, 117, 472, 64, 695, 490, 731, 577, 92, 18, 65, 479, 375, 537, 629, 539, 358, 128, 108, 474, 724, 124, 77, 444, 84, 214, 271, 481, 645, 379, 534, 507, 158, 429, 306, 717, 524, 585, 453, 427, 602, 741, 308, 71, 708, 160, 551, 730, 334, 285, 690, 381, 513, 718, 495, 521, 249, 635, 11, 638, 574, 111, 67, 270, 743, 336, 316, 536, 460, 319, 348, 233, 298, 723, 311, 393, 592, 477, 543, 165, 180, 681, 88, 16, 154, 451, 239, 445, 449, 649, 662, 48, 489, 670, 140, 668, 609, 107, 155, 75, 10, 433, 448, 415, 132, 250, 689, 213, 740, 579, 87, 191, 318, 143, 647, 447, 315, 244, 5, 235, 238, 135, 151, 69, 147]"
"26","95.96739840507507","134745.0625","137400.2584732587","[0, 41, 665, 33, 374, 569, 435, 211, 373, 652, 229, 719, 696, 217, 371, 729, 199, 554, 347, 56, 600, 526, 237, 44, 712, 106, 631, 700, 195, 439, 734, 78, 434, 378, 72, 677, 76, 570, 314, 181, 333, 636, 24, 61, 243, 223, 190, 709, 406, 390, 509, 335, 251, 653, 587, 38, 220, 522, 368, 545, 582, 45, 747, 715, 240, 661, 13, 62, 284, 403, 136, 529, 450, 205, 566, 172, 246, 185, 267, 455, 519, 617, 679, 461, 544, 28, 1, 457, 618, 241, 384, 307, 287, 514, 530, 553, 558, 742, 671, 332, 615, 206, 604, 22, 85, 658, 630, 53, 31, 52, 562, 178, 356, 208, 568, 532, 254, 714, 120, 565, 201, 589, 394, 29, 274, 463, 326, 142, 563, 327, 302, 410, 557, 291, 518, 12, 391, 276, 266, 54, 297, 414, 242, 283, 36, 103, 34, 365, 657, 90, 607, 650, 510, 506, 224, 362, 505, 312, 697, 346, 624, 173, 561, 301, 342, 74, 328, 572, 576, 370, 105, 413, 469, 642, 277, 541, 164, 540, 364, 104, 37, 183, 459, 440, 317, 550, 546, 252, 431, 725, 648, 746, 511, 42, 487, 294, 515, 369, 352, 192, 548, 94, 664, 325, 116, 425, 438, 502, 359, 454, 2, 432, 207, 4, 527, 626, 122, 599, 295, 209, 493, 354, 404, 377, 528, 60, 148, 736, 305, 523, 98, 655, 535, 478, 367, 674, 628, 157, 300, 480, 483, 594, 231, 571, 693, 137, 641, 330, 366, 549, 380, 275, 102, 639, 204, 705, 556, 25, 194, 386, 15, 476, 398, 126, 501, 542, 684, 560, 350, 726, 289, 269, 47, 227, 632, 497, 596, 259, 494, 703, 739, 500, 538, 163, 222, 732, 503, 702, 606, 421, 216, 721, 417, 462, 612, 101, 687, 256, 382, 99, 456, 385, 310, 355, 299, 110, 258, 591, 282, 159, 331, 127, 40, 345, 82, 286, 383, 125, 416, 162, 744, 619, 344, 281, 395, 32, 200, 616, 360, 145, 621, 171, 484, 280, 129, 682, 673, 247, 109, 713, 19, 603, 123, 260, 196, 188, 7, 257, 388, 212, 698, 691, 595, 666, 614, 520, 134, 470, 508, 643, 701, 357, 727, 49, 686, 397, 428, 564, 399, 590, 611, 678, 699, 622, 177, 586, 112, 153, 361, 278, 57, 683, 228, 322, 215, 672, 581, 50, 610, 517, 43, 737, 203, 408, 150, 230, 584, 152, 236, 465, 443, 86, 376, 293, 491, 234, 6, 296, 667, 387, 20, 555, 21, 547, 685, 121, 268, 133, 338, 471, 30, 341, 392, 430, 598, 580, 660, 9, 63, 669, 411, 627, 95, 676, 202, 704, 232, 186, 166, 420, 321, 473, 640, 39, 179, 436, 198, 292, 167, 475, 486, 225, 262, 422, 66, 168, 197, 26, 654, 221, 340, 735, 176, 304, 466, 175, 59, 113, 189, 73, 3, 738, 559, 51, 320, 634, 141, 625, 583, 156, 446, 424, 81, 623, 680, 349, 651, 407, 337, 288, 426, 261, 578, 363, 601, 248, 412, 184, 552, 749, 504, 272, 748, 659, 402, 400, 573, 437, 605, 593, 351, 588, 144, 174, 245, 96, 14, 93, 273, 405, 83, 637, 114, 118, 418, 663, 496, 89, 498, 8, 131, 597, 263, 55, 716, 372, 324, 694, 290, 488, 525, 492, 161, 23, 353, 182, 329, 253, 149, 464, 115, 499, 516, 533, 339, 688, 608, 80, 46, 265, 706, 70, 313, 733, 218, 35, 482, 210, 309, 58, 17, 169, 512, 531, 138, 656, 139, 419, 692, 575, 613, 722, 441, 646, 423, 303, 255, 711, 710, 468, 100, 219, 458, 323, 264, 68, 745, 467, 485, 119, 409, 452, 27, 187, 567, 644, 170, 396, 130, 707, 389, 279, 193, 633, 720, 97, 226, 728, 401, 146, 91, 442, 79, 343, 675, 620, 117, 472, 64, 695, 490, 731, 577, 92, 18, 65, 479, 375, 537, 629, 539, 358, 128, 108, 474, 724, 124, 77, 444, 84, 214, 271, 481, 645, 379, 534, 507, 158, 429, 306, 717, 524, 585, 453, 427, 602, 741, 308, 71, 708, 160, 551, 730, 334, 285, 690, 381, 513, 718, 495, 521, 249, 635, 11, 638, 574, 111, 67, 270, 743, 336, 316, 536, 460, 319, 348, 233, 298, 723, 311, 393, 592, 477, 543, 165, 180, 681, 88, 16, 154, 451, 239, 445, 449, 649, 662, 48, 489, 670, 140, 668, 609, 107, 155, 75, 10, 433, 448, 415, 132, 250, 689, 213, 740, 579, 87, 191, 318, 143, 647, 447, 315, 244, 5, 235, 238, 135, 151, 69, 147]"
"27","99.7740068435669","134661.734375","137286.34685945272","[0, 41, 665, 33, 374, 569, 435, 211, 373, 652, 229, 719, 696, 217, 371, 729, 199, 554, 347, 56, 600, 526, 237, 44, 712, 106, 631, 700, 195, 439, 734, 78, 434, 378, 72, 677, 76, 570, 314, 181, 333, 636, 24, 61, 243, 223, 190, 709, 406, 390, 509, 335, 251, 653, 38, 587, 220, 522, 368, 545, 582, 45, 747, 715, 240, 661, 13, 62, 284, 403, 136, 529, 450, 205, 566, 172, 246, 185, 267, 455, 519, 617, 679, 461, 544, 28, 1, 457, 618, 241, 384, 307, 287, 514, 530, 553, 558, 742, 671, 332, 615, 206, 604, 22, 85, 658, 630, 53, 31, 52, 562, 178, 356, 208, 568, 532, 254, 714, 120, 565, 201, 589, 394, 29, 274, 463, 326, 142, 563, 327, 302, 410, 557, 291, 518, 12, 391, 276, 266, 54, 297, 414, 242, 283, 36, 103, 34, 365, 657, 90, 607, 650, 510, 506, 224, 362, 505, 312, 697, 346, 624, 173, 561, 301, 342, 74, 328, 572, 576, 370, 105, 413, 469, 642, 277, 541, 164, 540, 364, 104, 37, 183, 459, 440, 317, 550, 546, 252, 431, 725, 648, 746, 511, 42, 487, 294, 515, 369, 352, 192, 548, 94, 664, 325, 116, 425, 438, 502, 359, 454, 2, 432, 207, 4, 527, 626, 122, 599, 295, 209, 493, 354, 404, 377, 528, 60, 148, 736, 305, 523, 98, 655, 535, 478, 367, 674, 628, 157, 300, 480, 483, 594, 231, 571, 693, 137, 641, 330, 366, 549, 380, 275, 102, 639, 204, 705, 556, 25, 194, 386, 15, 476, 398, 126, 501, 542, 684, 560, 350, 726, 289, 269, 47, 227, 632, 497, 596, 259, 494, 703, 739, 500, 538, 163, 222, 732, 503, 702, 606, 421, 216, 721, 417, 462, 612, 101, 687, 256, 382, 99, 456, 385, 310, 355, 299, 110, 258, 591, 282, 159, 331, 127, 40, 345, 82, 286, 383, 125, 416, 162, 744, 619, 344, 281, 395, 32, 200, 616, 360, 145, 621, 171, 484, 280, 129, 682, 673, 247, 109, 713, 19, 603, 123, 260, 196, 188, 7, 257, 388, 212, 698, 691, 595, 666, 614, 520, 134, 470, 508, 643, 701, 357, 727, 49, 686, 397, 428, 564, 399, 590, 611, 678, 699, 622, 177, 586, 112, 153, 361, 278, 57, 683, 228, 322, 215, 672, 581, 50, 610, 517, 43, 737, 203, 408, 150, 230, 584, 152, 236, 465, 443, 86, 376, 293, 491, 234, 6, 296, 667, 387, 20, 555, 21, 547, 685, 121, 268, 133, 338, 471, 30, 341, 392, 430, 598, 580, 660, 9, 63, 669, 411, 627, 95, 676, 202, 704, 232, 186, 166, 420, 39, 640, 292, 198, 436, 179, 473, 321, 167, 475, 486, 225, 262, 422, 66, 168, 197, 26, 654, 221, 340, 735, 176, 304, 466, 175, 59, 113, 189, 73, 3, 738, 559, 51, 320, 634, 141, 625, 583, 156, 446, 424, 81, 623, 680, 349, 651, 407, 337, 288, 426, 261, 578, 363, 601, 248, 412, 184, 552, 749, 504, 272, 748, 659, 402, 400, 573, 437, 605, 593, 351, 588, 144, 174, 245, 96, 14, 93, 273, 405, 83, 637, 114, 118, 418, 663, 496, 89, 498, 8, 131, 597, 263, 55, 716, 372, 324, 694, 492, 525, 161, 488, 290, 23, 353, 182, 329, 253, 149, 464, 115, 499, 516, 533, 339, 688, 608, 80, 46, 265, 706, 70, 313, 733, 218, 35, 482, 210, 309, 58, 17, 169, 512, 531, 138, 656, 139, 419, 692, 575, 613, 722, 441, 646, 423, 303, 255, 711, 710, 468, 100, 219, 458, 323, 264, 68, 745, 467, 485, 119, 409, 452, 27, 187, 567, 644, 170, 396, 130, 707, 389, 279, 193, 633, 720, 97, 226, 728, 401, 146, 91, 442, 79, 343, 675, 620, 117, 472, 64, 695, 490, 731, 577, 92, 18, 65, 479, 375, 537, 629, 539, 358, 128, 108, 474, 724, 124, 77, 444, 84, 214, 271, 481, 645, 379, 158, 534, 507, 306, 429, 717, 524, 585, 453, 427, 602, 741, 308, 71, 708, 160, 551, 730, 334, 285, 690, 381, 513, 718, 495, 521, 249, 635, 11, 638, 574, 111, 67, 270, 743, 336, 316, 536, 460, 319, 348, 233, 298, 723, 311, 393, 592, 477, 543, 165, 180, 681, 88, 16, 154, 451, 239, 445, 449, 649, 662, 48, 489, 670, 140, 668, 609, 107, 155, 75, 10, 433, 448, 415, 132, 250, 689, 213, 740, 579, 87, 191, 318, 143, 647, 447, 315, 244, 5, 235, 238, 135, 151, 69, 147]"
"28","103.58097863197327","134546.984375","137183.47893345772","[0, 41, 665, 33, 374, 569, 435, 211, 373, 652, 229, 719, 696, 217, 371, 729, 199, 554, 347, 56, 600, 526, 237, 44, 712, 106, 631, 700, 195, 439, 734, 78, 434, 378, 72, 677, 76, 570, 314, 181, 333, 636, 24, 61, 243, 223, 190, 709, 406, 390, 509, 335, 251, 653, 587, 38, 220, 522, 368, 545, 582, 45, 747, 715, 240, 661, 13, 62, 284, 403, 136, 529, 450, 205, 566, 172, 246, 185, 267, 455, 519, 617, 679, 461, 544, 28, 1, 457, 618, 241, 384, 307, 287, 514, 530, 553, 558, 742, 671, 332, 615, 206, 604, 22, 85, 658, 630, 53, 31, 52, 562, 178, 356, 208, 568, 532, 254, 714, 120, 565, 201, 589, 394, 29, 274, 463, 326, 142, 563, 327, 302, 410, 557, 291, 518, 12, 391, 276, 266, 54, 297, 414, 242, 283, 36, 103, 34, 365, 657, 90, 607, 650, 510, 506, 224, 362, 505, 312, 697, 346, 624, 173, 561, 301, 342, 74, 328, 572, 576, 370, 105, 413, 469, 642, 277, 541, 164, 540, 364, 104, 37, 183, 459, 440, 317, 550, 546, 252, 431, 725, 648, 746, 511, 42, 487, 294, 515, 369, 352, 192, 548, 94, 664, 325, 116, 425, 438, 502, 359, 454, 2, 432, 207, 4, 527, 626, 122, 599, 295, 209, 493, 354, 404, 377, 528, 60, 148, 736, 305, 523, 98, 655, 535, 478, 367, 674, 628, 157, 300, 480, 483, 594, 231, 571, 693, 137, 641, 330, 366, 549, 380, 275, 102, 639, 204, 705, 556, 25, 194, 386, 15, 476, 398, 126, 501, 542, 684, 560, 350, 726, 289, 269, 47, 227, 632, 497, 596, 259, 494, 703, 739, 500, 538, 163, 222, 732, 503, 702, 606, 421, 216, 721, 417, 462, 612, 101, 687, 256, 382, 99, 456, 385, 310, 355, 299, 110, 258, 591, 282, 159, 331, 127, 40, 345, 82, 286, 383, 125, 416, 162, 744, 619, 344, 281, 395, 32, 200, 616, 360, 145, 621, 171, 484, 280, 129, 682, 673, 247, 109, 713, 19, 603, 123, 260, 196, 188, 7, 257, 388, 212, 698, 691, 595, 666, 614, 520, 134, 470, 508, 643, 701, 357, 727, 49, 686, 397, 428, 564, 399, 590, 611, 678, 699, 622, 177, 586, 112, 153, 361, 278, 57, 683, 228, 322, 215, 672, 581, 50, 610, 517, 43, 737, 203, 408, 150, 230, 584, 152, 236, 465, 443, 86, 376, 293, 491, 234, 6, 296, 667, 387, 20, 555, 21, 547, 685, 121, 268, 133, 338, 471, 30, 341, 392, 430, 598, 580, 660, 9, 63, 669, 411, 627, 95, 676, 202, 704, 232, 186, 166, 420, 292, 198, 436, 179, 640, 39, 473, 321, 167, 475, 486, 225, 262, 422, 66, 168, 197, 26, 654, 221, 340, 735, 176, 304, 466, 175, 59, 113, 189, 73, 3, 738, 559, 51, 320, 634, 141, 625, 583, 156, 446, 424, 81, 623, 680, 349, 651, 407, 337, 288, 426, 261, 578, 363, 601, 248, 412, 184, 552, 749, 504, 272, 748, 659, 402, 400, 573, 437, 605, 593, 351, 588, 144, 174, 245, 96, 14, 93, 273, 405, 83, 637, 114, 118, 418, 663, 496, 89, 498, 8, 131, 597, 263, 55, 716, 372, 324, 694, 492, 525, 161, 488, 290, 23, 353, 182, 329, 253, 149, 464, 115, 499, 516, 533, 339, 688, 608, 80, 46, 265, 706, 70, 313, 733, 218, 35, 482, 210, 309, 58, 17, 169, 512, 531, 138, 656, 139, 419, 692, 575, 613, 722, 441, 646, 423, 303, 255, 711, 710, 468, 100, 219, 458, 323, 264, 68, 745, 467, 485, 119, 409, 452, 27, 187, 567, 644, 170, 396, 130, 707, 389, 279, 193, 633, 720, 97, 226, 728, 401, 146, 91, 442, 79, 343, 675, 620, 117, 472, 64, 695, 490, 731, 577, 92, 18, 65, 479, 375, 537, 629, 539, 358, 128, 108, 474, 724, 124, 77, 444, 84, 214, 271, 481, 645, 379, 534, 507, 158, 429, 306, 717, 524, 585, 453, 427, 602, 741, 308, 71, 708, 160, 551, 730, 334, 285, 690, 381, 513, 718, 495, 521, 249, 635, 11, 638, 574, 111, 67, 270, 743, 336, 316, 536, 460, 319, 348, 233, 298, 723, 311, 393, 592, 477, 543, 165, 180, 681, 88, 16, 154, 451, 239, 445, 449, 649, 662, 48, 489, 670, 140, 668, 609, 107, 155, 75, 10, 433, 448, 415, 132, 250, 689, 213, 740, 579, 87, 191, 318, 143, 647, 447, 315, 244, 5, 235, 238, 135, 151, 69, 147]"
"29","107.38448166847229","134414.203125","136835.71610696518","[0, 41, 665, 33, 374, 569, 435, 211, 373, 652, 229, 719, 696, 217, 371, 729, 199, 554, 347, 56, 600, 526, 237, 44, 712, 106, 631, 700, 195, 439, 734, 78, 434, 378, 72, 677, 76, 570, 314, 181, 333, 636, 24, 61, 243, 223, 190, 709, 406, 390, 509, 335, 251, 653, 38, 587, 220, 522, 368, 545, 582, 45, 747, 715, 240, 661, 13, 62, 284, 403, 136, 529, 450, 205, 566, 172, 246, 185, 267, 455, 519, 617, 679, 461, 544, 28, 1, 457, 618, 241, 384, 307, 287, 514, 530, 553, 558, 742, 671, 332, 615, 206, 604, 22, 85, 658, 630, 53, 31, 52, 562, 178, 356, 208, 568, 532, 254, 714, 120, 565, 201, 589, 394, 29, 274, 463, 326, 142, 563, 327, 302, 410, 557, 291, 518, 12, 391, 276, 266, 54, 297, 414, 242, 283, 36, 103, 34, 365, 657, 90, 607, 650, 510, 506, 224, 362, 505, 312, 697, 346, 624, 173, 561, 301, 342, 74, 370, 576, 572, 328, 105, 413, 469, 642, 277, 541, 164, 540, 364, 104, 37, 183, 459, 440, 317, 550, 546, 252, 431, 725, 648, 746, 511, 42, 487, 294, 515, 369, 352, 192, 548, 94, 664, 325, 116, 425, 438, 502, 359, 454, 2, 432, 207, 4, 527, 626, 122, 599, 295, 209, 493, 354, 404, 377, 528, 60, 148, 736, 305, 523, 98, 655, 535, 478, 367, 674, 628, 157, 300, 480, 483, 594, 231, 571, 693, 137, 641, 330, 366, 549, 380, 275, 102, 639, 204, 705, 556, 25, 194, 386, 15, 476, 398, 126, 501, 542, 684, 560, 350, 726, 289, 269, 47, 227, 632, 497, 596, 259, 494, 703, 739, 500, 538, 163, 222, 732, 503, 702, 606, 421, 216, 721, 417, 462, 612, 101, 687, 256, 382, 99, 456, 385, 310, 355, 299, 110, 258, 591, 282, 159, 331, 127, 40, 345, 82, 286, 383, 125, 416, 162, 744, 619, 344, 281, 395, 32, 200, 616, 360, 145, 621, 171, 484, 280, 129, 682, 673, 247, 109, 713, 19, 603, 123, 260, 196, 188, 7, 257, 388, 212, 698, 691, 595, 666, 614, 520, 134, 470, 508, 643, 701, 357, 727, 49, 686, 397, 428, 564, 399, 590, 611, 678, 699, 622, 177, 586, 112, 153, 361, 278, 57, 683, 228, 322, 215, 672, 581, 50, 610, 517, 43, 737, 203, 408, 150, 230, 584, 152, 236, 465, 443, 86, 376, 293, 491, 234, 6, 296, 667, 387, 20, 555, 21, 547, 685, 121, 268, 133, 338, 471, 30, 341, 392, 430, 598, 580, 660, 9, 63, 669, 411, 627, 95, 676, 202, 704, 232, 186, 166, 420, 292, 198, 436, 179, 640, 39, 473, 321, 167, 475, 486, 225, 262, 422, 66, 168, 197, 26, 654, 221, 340, 735, 176, 304, 466, 175, 59, 113, 189, 73, 3, 738, 559, 51, 320, 634, 141, 625, 583, 156, 446, 424, 81, 623, 680, 349, 651, 407, 337, 288, 426, 261, 578, 363, 601, 248, 412, 184, 552, 749, 504, 272, 748, 659, 402, 400, 573, 437, 605, 593, 351, 588, 144, 174, 245, 96, 14, 93, 273, 405, 83, 637, 114, 118, 418, 663, 496, 89, 498, 8, 131, 597, 263, 55, 716, 372, 324, 694, 492, 525, 161, 488, 290, 23, 353, 182, 329, 253, 149, 464, 115, 499, 516, 533, 339, 688, 608, 80, 46, 265, 706, 70, 313, 733, 218, 35, 482, 210, 309, 58, 17, 169, 512, 531, 138, 656, 139, 419, 692, 575, 613, 722, 441, 646, 423, 303, 255, 711, 710, 468, 100, 219, 458, 323, 264, 68, 745, 467, 485, 119, 409, 452, 27, 187, 567, 644, 170, 396, 130, 707, 389, 279, 193, 633, 720, 97, 226, 728, 401, 146, 91, 442, 79, 343, 675, 620, 117, 472, 64, 695, 490, 731, 577, 92, 18, 65, 479, 375, 537, 629, 539, 358, 128, 108, 474, 724, 124, 77, 444, 84, 214, 271, 481, 645, 379, 158, 534, 507, 306, 429, 717, 524, 585, 453, 427, 602, 741, 308, 71, 708, 160, 551, 730, 334, 285, 690, 381, 513, 718, 495, 521, 249, 635, 11, 638, 574, 111, 67, 270, 743, 336, 316, 536, 460, 319, 348, 233, 298, 723, 311, 393, 592, 477, 543, 165, 180, 681, 88, 16, 154, 451, 239, 445, 449, 649, 662, 48, 489, 670, 140, 668, 609, 107, 155, 75, 10, 433, 448, 415, 132, 250, 689, 213, 740, 579, 87, 191, 318, 143, 647, 447, 315, 244, 5, 235, 238, 135, 151, 69, 147]"
"30","111.19624829292297","134358.640625","136658.5020211443","[0, 41, 665, 33, 374, 569, 435, 211, 373, 652, 229, 719, 696, 217, 371, 729, 199, 554, 347, 56, 600, 526, 237, 44, 712, 106, 631, 700, 195, 439, 734, 78, 434, 378, 72, 677, 76, 570, 314, 181, 333, 636, 24, 61, 243, 223, 190, 709, 406, 390, 509, 335, 251, 653, 38, 587, 220, 522, 368, 545, 582, 45, 747, 715, 240, 661, 13, 62, 284, 403, 136, 529, 450, 205, 566, 172, 246, 185, 267, 455, 519, 617, 679, 461, 544, 28, 1, 457, 618, 241, 384, 307, 287, 514, 530, 553, 558, 742, 671, 332, 615, 206, 604, 22, 85, 658, 630, 53, 31, 52, 562, 178, 356, 208, 568, 532, 254, 714, 120, 565, 201, 589, 394, 29, 274, 463, 326, 142, 563, 327, 302, 410, 557, 291, 518, 12, 391, 276, 266, 54, 297, 414, 242, 283, 36, 103, 34, 365, 657, 90, 607, 650, 510, 506, 224, 362, 505, 312, 697, 346, 624, 173, 561, 301, 342, 74, 370, 576, 572, 328, 105, 413, 469, 642, 277, 541, 164, 540, 364, 104, 37, 183, 459, 440, 317, 550, 546, 252, 431, 725, 648, 746, 511, 42, 487, 294, 515, 369, 352, 192, 548, 94, 664, 325, 116, 425, 438, 502, 359, 454, 2, 432, 207, 4, 527, 626, 122, 599, 295, 209, 493, 354, 404, 377, 528, 60, 148, 736, 305, 523, 98, 655, 535, 478, 367, 674, 628, 157, 300, 480, 483, 594, 231, 571, 693, 137, 641, 330, 366, 549, 380, 275, 102, 639, 204, 705, 556, 25, 194, 386, 15, 476, 398, 126, 501, 542, 684, 560, 350, 726, 289, 269, 47, 227, 632, 497, 596, 259, 494, 703, 739, 500, 538, 163, 222, 732, 503, 702, 606, 421, 216, 721, 417, 462, 612, 101, 687, 256, 382, 99, 456, 385, 310, 355, 299, 110, 258, 591, 282, 159, 331, 127, 40, 345, 82, 286, 383, 125, 416, 162, 744, 619, 344, 281, 395, 32, 200, 616, 360, 145, 621, 171, 484, 280, 129, 682, 673, 247, 109, 713, 19, 603, 123, 260, 196, 188, 7, 257, 388, 212, 698, 691, 595, 666, 614, 520, 134, 470, 508, 643, 701, 357, 727, 49, 686, 397, 428, 564, 399, 590, 611, 678, 699, 622, 177, 586, 112, 153, 361, 278, 57, 683, 228, 322, 215, 672, 581, 50, 610, 517, 43, 737, 203, 408, 150, 230, 584, 152, 236, 465, 443, 86, 376, 293, 491, 234, 6, 296, 667, 387, 20, 555, 21, 547, 685, 121, 268, 133, 338, 471, 30, 341, 392, 430, 598, 580, 660, 9, 63, 669, 411, 627, 95, 676, 202, 704, 232, 186, 166, 420, 292, 198, 436, 179, 640, 39, 473, 321, 167, 475, 486, 225, 262, 422, 66, 168, 197, 26, 654, 221, 340, 735, 176, 304, 466, 175, 59, 113, 189, 73, 3, 738, 559, 51, 320, 634, 141, 625, 583, 156, 446, 424, 81, 623, 680, 349, 651, 407, 337, 288, 426, 261, 578, 363, 601, 248, 412, 552, 184, 749, 504, 272, 748, 659, 402, 400, 573, 437, 605, 593, 351, 588, 144, 174, 245, 96, 14, 93, 273, 405, 83, 637, 114, 118, 418, 663, 496, 89, 498, 8, 131, 597, 263, 55, 716, 372, 324, 694, 492, 525, 161, 488, 290, 23, 353, 182, 329, 253, 149, 464, 115, 499, 516, 533, 339, 688, 608, 80, 46, 265, 706, 70, 313, 733, 218, 35, 482, 210, 309, 58, 17, 169, 512, 531, 138, 656, 139, 419, 692, 575, 613, 722, 441, 646, 423, 303, 255, 711, 710, 468, 100, 219, 458, 323, 264, 68, 745, 467, 485, 119, 409, 452, 27, 187, 567, 644, 170, 396, 130, 707, 389, 279, 193, 633, 720, 97, 226, 728, 401, 146, 91, 442, 79, 343, 675, 620, 117, 472, 64, 695, 490, 731, 577, 92, 18, 65, 479, 375, 537, 629, 539, 358, 128, 108, 474, 724, 124, 77, 444, 84, 214, 271, 481, 645, 379, 158, 534, 507, 306, 429, 717, 524, 585, 453, 427, 602, 741, 308, 71, 708, 160, 551, 730, 334, 285, 690, 381, 513, 718, 495, 521, 249, 635, 11, 638, 574, 111, 67, 270, 743, 336, 316, 536, 460, 319, 348, 233, 298, 723, 311, 393, 592, 477, 543, 165, 180, 681, 88, 16, 154, 451, 239, 445, 449, 649, 662, 48, 489, 670, 140, 668, 609, 107, 155, 75, 10, 433, 448, 415, 132, 250, 689, 213, 740, 579, 87, 191, 318, 143, 647, 447, 315, 244, 5, 235, 238, 135, 151, 69, 147]"
"31","115.0165855884552","134326.171875","136612.7580845771","[0, 41, 665, 33, 374, 569, 435, 211, 373, 652, 229, 719, 696, 217, 371, 729, 199, 554, 347, 56, 600, 526, 237, 44, 712, 106, 631, 700, 195, 439, 734, 78, 434, 378, 72, 677, 76, 570, 314, 181, 333, 636, 24, 61, 243, 223, 190, 709, 406, 390, 38, 335, 251, 509, 522, 653, 220, 587, 368, 545, 582, 45, 747, 715, 240, 661, 13, 62, 284, 403, 136, 529, 450, 205, 566, 172, 246, 185, 267, 455, 519, 617, 679, 461, 544, 28, 1, 457, 618, 241, 384, 307, 287, 514, 530, 553, 558, 742, 671, 332, 615, 206, 604, 22, 85, 658, 630, 53, 31, 52, 562, 178, 356, 208, 568, 532, 254, 714, 120, 565, 201, 589, 394, 29, 274, 463, 326, 142, 563, 327, 302, 410, 557, 291, 518, 12, 391, 276, 266, 54, 297, 414, 242, 283, 36, 103, 34, 365, 657, 90, 607, 650, 510, 506, 224, 362, 505, 312, 697, 346, 624, 173, 561, 301, 342, 74, 370, 576, 572, 328, 105, 413, 469, 642, 277, 541, 164, 540, 364, 104, 37, 183, 459, 440, 317, 550, 546, 252, 431, 725, 648, 746, 511, 42, 487, 294, 515, 369, 352, 192, 548, 94, 664, 325, 116, 425, 438, 502, 359, 454, 2, 432, 207, 4, 527, 626, 122, 599, 295, 209, 493, 354, 404, 377, 528, 60, 148, 736, 305, 523, 98, 655, 535, 478, 367, 674, 628, 157, 300, 480, 483, 594, 231, 571, 693, 137, 641, 330, 366, 549, 380, 275, 102, 639, 204, 705, 556, 25, 194, 386, 15, 476, 398, 126, 501, 542, 684, 560, 350, 726, 289, 269, 47, 227, 632, 497, 596, 259, 494, 703, 739, 500, 538, 163, 222, 732, 503, 702, 606, 421, 216, 721, 417, 462, 612, 101, 687, 256, 382, 99, 456, 385, 310, 355, 299, 110, 258, 591, 282, 159, 331, 127, 40, 345, 82, 286, 383, 125, 416, 162, 744, 619, 344, 281, 395, 32, 200, 616, 360, 145, 621, 171, 484, 280, 129, 682, 673, 247, 109, 713, 19, 603, 123, 260, 196, 188, 7, 257, 388, 212, 698, 691, 595, 666, 614, 520, 134, 470, 508, 643, 701, 357, 727, 49, 686, 397, 428, 564, 399, 590, 611, 678, 699, 622, 177, 586, 112, 153, 361, 278, 57, 683, 228, 322, 215, 672, 581, 50, 610, 517, 43, 737, 203, 408, 150, 230, 584, 152, 236, 465, 443, 86, 376, 293, 491, 234, 6, 296, 667, 387, 20, 555, 21, 547, 685, 121, 268, 133, 338, 471, 30, 341, 392, 430, 598, 580, 660, 9, 63, 669, 411, 627, 95, 676, 202, 704, 232, 186, 166, 420, 292, 198, 436, 179, 640, 39, 473, 321, 167, 475, 486, 225, 262, 422, 66, 168, 197, 26, 654, 221, 340, 735, 176, 304, 466, 175, 59, 113, 189, 73, 3, 738, 559, 51, 320, 634, 141, 625, 583, 156, 446, 424, 81, 623, 680, 349, 651, 407, 337, 288, 426, 261, 578, 363, 601, 248, 412, 552, 184, 749, 504, 272, 748, 659, 402, 400, 573, 437, 605, 593, 351, 588, 144, 174, 245, 96, 14, 93, 273, 405, 83, 637, 114, 118, 418, 663, 496, 89, 498, 8, 131, 597, 263, 55, 716, 372, 324, 694, 492, 525, 161, 488, 290, 23, 353, 182, 329, 253, 149, 464, 115, 499, 516, 533, 339, 688, 608, 80, 46, 265, 706, 70, 313, 733, 218, 35, 482, 210, 309, 58, 17, 169, 512, 531, 138, 656, 139, 419, 692, 575, 613, 722, 441, 646, 423, 303, 255, 711, 710, 468, 100, 219, 458, 323, 264, 68, 745, 467, 485, 119, 409, 452, 27, 187, 567, 644, 170, 396, 130, 707, 389, 279, 193, 633, 720, 97, 226, 728, 401, 146, 91, 442, 79, 343, 675, 620, 117, 472, 64, 695, 490, 731, 577, 92, 18, 65, 479, 375, 537, 629, 539, 358, 128, 108, 474, 724, 124, 77, 444, 84, 214, 271, 481, 645, 379, 158, 534, 507, 306, 429, 717, 524, 585, 453, 427, 602, 741, 308, 71, 708, 160, 551, 730, 334, 285, 690, 381, 513, 718, 495, 521, 249, 635, 11, 638, 574, 111, 67, 270, 743, 336, 316, 536, 460, 319, 348, 233, 298, 723, 311, 393, 592, 477, 543, 165, 180, 681, 88, 16, 154, 451, 239, 445, 449, 649, 662, 48, 489, 670, 140, 668, 609, 107, 155, 75, 10, 433, 448, 415, 132, 250, 689, 213, 740, 579, 87, 191, 318, 143, 647, 447, 315, 244, 5, 235, 238, 135, 151, 69, 147]"
"32","118.83491158485413","134295.765625","136439.420164801","[0, 41, 665, 33, 374, 569, 435, 211, 373, 652, 229, 719, 696, 217, 371, 729, 199, 554, 347, 56, 600, 526, 237, 44, 712, 106, 631, 700, 195, 439, 734, 78, 434, 378, 72, 677, 76, 570, 314, 181, 333, 636, 24, 61, 243, 223, 190, 709, 406, 390, 509, 335, 251, 653, 587, 38, 220, 522, 368, 545, 582, 45, 747, 715, 240, 661, 13, 62, 284, 403, 136, 529, 450, 205, 566, 172, 246, 185, 267, 455, 519, 617, 679, 461, 544, 28, 1, 457, 618, 241, 384, 307, 287, 514, 530, 553, 558, 742, 671, 332, 615, 206, 604, 22, 85, 658, 630, 53, 31, 52, 562, 178, 356, 208, 568, 532, 254, 714, 120, 565, 201, 589, 394, 29, 274, 463, 326, 142, 563, 327, 302, 410, 557, 291, 518, 12, 391, 276, 266, 54, 297, 414, 242, 283, 36, 103, 34, 365, 657, 90, 607, 650, 510, 506, 224, 362, 505, 312, 697, 346, 624, 173, 561, 301, 342, 74, 370, 576, 572, 328, 105, 413, 469, 642, 277, 541, 164, 540, 364, 104, 37, 183, 459, 440, 317, 550, 546, 252, 431, 725, 648, 746, 511, 42, 487, 294, 515, 369, 352, 192, 548, 94, 664, 325, 116, 425, 438, 502, 359, 454, 2, 432, 207, 4, 527, 626, 122, 599, 295, 209, 493, 354, 404, 377, 528, 60, 148, 736, 305, 523, 98, 655, 535, 478, 367, 674, 628, 157, 300, 480, 483, 594, 231, 571, 693, 137, 641, 330, 366, 549, 380, 275, 102, 639, 204, 705, 556, 25, 194, 386, 15, 476, 398, 126, 501, 542, 684, 560, 350, 726, 289, 269, 47, 227, 632, 497, 596, 259, 494, 703, 739, 500, 538, 163, 222, 732, 503, 702, 606, 421, 216, 721, 417, 462, 612, 101, 687, 256, 382, 99, 456, 385, 310, 355, 299, 110, 258, 591, 282, 159, 331, 127, 40, 345, 82, 286, 383, 125, 416, 162, 744, 619, 344, 281, 395, 32, 200, 616, 360, 145, 621, 171, 484, 280, 129, 682, 673, 247, 109, 713, 19, 603, 123, 260, 196, 188, 7, 257, 388, 212, 698, 691, 595, 666, 614, 520, 134, 470, 508, 643, 701, 357, 727, 49, 686, 397, 428, 564, 399, 590, 611, 678, 699, 622, 177, 586, 112, 153, 361, 278, 57, 683, 228, 322, 215, 672, 581, 50, 610, 517, 43, 737, 230, 150, 408, 203, 584, 152, 236, 465, 443, 86, 376, 293, 491, 234, 6, 296, 667, 387, 20, 555, 21, 547, 685, 121, 268, 133, 338, 471, 30, 341, 392, 430, 598, 580, 660, 9, 63, 669, 411, 627, 95, 676, 202, 704, 232, 186, 166, 420, 292, 198, 436, 179, 640, 39, 473, 321, 167, 475, 486, 225, 262, 422, 66, 168, 197, 26, 654, 221, 340, 735, 176, 304, 466, 175, 59, 113, 189, 73, 3, 738, 559, 51, 320, 634, 141, 625, 583, 156, 446, 424, 81, 623, 680, 349, 651, 407, 337, 288, 426, 261, 578, 363, 601, 248, 412, 552, 184, 749, 504, 272, 748, 659, 402, 400, 573, 437, 605, 593, 351, 588, 144, 174, 245, 96, 14, 93, 273, 405, 83, 637, 114, 118, 418, 663, 496, 89, 498, 8, 131, 597, 263, 55, 716, 372, 324, 694, 492, 525, 161, 488, 290, 23, 353, 182, 329, 253, 149, 464, 115, 499, 516, 533, 339, 688, 608, 80, 46, 265, 706, 70, 313, 733, 218, 35, 482, 210, 309, 58, 17, 169, 512, 531, 138, 656, 139, 419, 692, 575, 613, 722, 441, 646, 423, 303, 255, 711, 710, 468, 100, 219, 458, 323, 264, 68, 745, 467, 485, 119, 409, 452, 27, 187, 567, 644, 170, 396, 130, 707, 389, 279, 193, 633, 720, 97, 226, 728, 401, 146, 91, 442, 79, 343, 675, 620, 117, 472, 64, 695, 490, 731, 577, 92, 18, 65, 479, 375, 537, 629, 539, 358, 128, 108, 474, 724, 124, 77, 444, 84, 214, 271, 481, 645, 379, 158, 534, 507, 306, 429, 717, 524, 585, 453, 427, 602, 741, 308, 71, 708, 160, 551, 730, 334, 285, 690, 381, 513, 718, 495, 521, 249, 635, 11, 638, 574, 111, 67, 270, 743, 336, 316, 536, 460, 319, 348, 233, 298, 723, 311, 393, 592, 477, 543, 165, 180, 681, 88, 16, 154, 451, 239, 445, 449, 649, 662, 48, 489, 670, 140, 668, 609, 107, 155, 75, 10, 433, 448, 415, 132, 250, 689, 213, 740, 579, 87, 191, 318, 143, 647, 447, 315, 244, 5, 235, 238, 135, 151, 69, 147]"
"33","122.63432502746582","134274.609375","136215.3361318408","[0, 41, 665, 33, 374, 569, 435, 211, 373, 652, 229, 719, 696, 217, 371, 729, 199, 554, 347, 56, 600, 526, 237, 44, 712, 106, 631, 700, 195, 439, 734, 78, 434, 378, 72, 677, 76, 570, 314, 181, 333, 636, 24, 61, 243, 223, 190, 709, 406, 390, 38, 335, 251, 509, 522, 653, 220, 587, 368, 545, 582, 45, 747, 715, 240, 661, 13, 62, 284, 403, 136, 529, 450, 205, 566, 172, 246, 185, 267, 455, 519, 617, 679, 461, 544, 28, 1, 457, 618, 241, 384, 307, 287, 514, 530, 553, 558, 742, 671, 332, 615, 206, 604, 22, 85, 658, 630, 53, 31, 52, 562, 178, 356, 208, 568, 532, 254, 714, 120, 565, 201, 589, 394, 29, 274, 463, 326, 142, 563, 327, 302, 410, 557, 291, 518, 12, 391, 276, 266, 54, 297, 414, 242, 283, 36, 103, 34, 365, 657, 90, 607, 650, 510, 506, 224, 362, 505, 312, 697, 346, 624, 173, 561, 301, 342, 74, 370, 576, 572, 328, 105, 413, 469, 642, 277, 541, 164, 540, 364, 104, 37, 183, 459, 440, 317, 550, 546, 252, 431, 725, 648, 746, 511, 42, 487, 294, 515, 369, 352, 192, 548, 94, 664, 325, 116, 454, 2, 502, 359, 432, 438, 425, 207, 4, 527, 626, 122, 599, 295, 209, 493, 354, 404, 377, 528, 60, 148, 736, 305, 523, 98, 655, 535, 478, 367, 674, 628, 157, 300, 480, 483, 594, 231, 571, 693, 137, 641, 330, 366, 549, 380, 275, 102, 639, 204, 705, 556, 25, 194, 386, 15, 476, 398, 126, 501, 542, 684, 560, 350, 726, 289, 269, 47, 227, 632, 497, 596, 259, 494, 703, 739, 500, 538, 163, 222, 732, 503, 702, 606, 421, 216, 721, 417, 462, 612, 101, 687, 256, 382, 99, 456, 385, 310, 355, 299, 110, 258, 591, 282, 159, 331, 127, 40, 345, 82, 286, 383, 125, 416, 162, 744, 619, 344, 281, 395, 32, 200, 616, 360, 145, 621, 171, 484, 280, 129, 682, 673, 247, 109, 713, 19, 603, 123, 260, 196, 188, 7, 257, 388, 212, 698, 691, 595, 666, 614, 520, 134, 470, 508, 643, 701, 357, 727, 49, 686, 397, 428, 564, 399, 590, 611, 678, 699, 622, 177, 586, 112, 153, 361, 278, 57, 683, 228, 322, 215, 672, 581, 50, 610, 517, 43, 737, 203, 408, 150, 230, 584, 152, 236, 465, 443, 86, 376, 293, 491, 234, 6, 296, 667, 387, 20, 555, 21, 547, 685, 121, 268, 133, 338, 471, 30, 341, 392, 430, 598, 580, 660, 9, 63, 669, 411, 627, 95, 676, 202, 704, 232, 186, 166, 420, 292, 198, 436, 179, 640, 39, 473, 321, 167, 475, 486, 225, 262, 422, 66, 168, 197, 26, 654, 221, 340, 735, 176, 304, 466, 175, 59, 113, 189, 73, 3, 738, 559, 51, 320, 634, 141, 625, 583, 156, 446, 424, 81, 623, 680, 349, 651, 407, 337, 288, 426, 261, 578, 363, 601, 248, 412, 552, 184, 749, 504, 272, 748, 659, 402, 400, 573, 437, 605, 593, 351, 588, 144, 174, 245, 96, 14, 93, 273, 405, 83, 637, 114, 118, 418, 663, 496, 89, 498, 8, 131, 597, 263, 55, 716, 372, 324, 694, 492, 525, 161, 488, 290, 23, 353, 182, 329, 253, 149, 464, 115, 499, 516, 533, 339, 688, 608, 80, 46, 265, 706, 70, 313, 733, 218, 35, 482, 210, 309, 58, 17, 169, 512, 531, 138, 656, 139, 419, 692, 575, 613, 722, 441, 646, 423, 303, 255, 711, 710, 468, 100, 219, 458, 323, 264, 68, 745, 467, 485, 119, 409, 452, 27, 187, 567, 644, 170, 396, 130, 707, 389, 279, 193, 633, 720, 97, 226, 728, 401, 146, 91, 442, 79, 343, 675, 620, 117, 472, 64, 695, 490, 731, 577, 92, 18, 65, 479, 375, 537, 629, 539, 358, 128, 108, 474, 724, 124, 77, 444, 84, 214, 271, 481, 645, 379, 158, 534, 507, 306, 429, 717, 524, 585, 453, 427, 602, 741, 308, 71, 708, 160, 551, 730, 334, 285, 690, 381, 513, 718, 495, 521, 249, 635, 11, 638, 574, 111, 67, 270, 743, 336, 316, 536, 460, 319, 348, 233, 298, 723, 311, 393, 592, 477, 543, 165, 180, 681, 88, 16, 154, 451, 239, 445, 449, 649, 662, 48, 489, 670, 140, 668, 609, 107, 155, 75, 10, 433, 448, 415, 132, 250, 689, 213, 740, 579, 87, 191, 318, 143, 647, 447, 315, 244, 5, 235, 238, 135, 151, 69, 147]"
"34","126.42429161071777","134226.640625","136098.6326181592","[0, 41, 665, 33, 374, 569, 435, 211, 373, 652, 229, 719, 696, 217, 371, 729, 199, 554, 347, 56, 600, 526, 237, 44, 712, 106, 631, 700, 195, 439, 734, 78, 434, 378, 72, 677, 76, 570, 314, 181, 333, 636, 24, 61, 243, 223, 190, 709, 406, 390, 38, 335, 251, 509, 522, 653, 220, 587, 368, 545, 582, 45, 747, 715, 240, 661, 13, 62, 284, 403, 136, 529, 450, 205, 566, 172, 246, 185, 267, 455, 519, 617, 679, 461, 544, 28, 1, 457, 618, 241, 384, 307, 287, 514, 530, 553, 558, 742, 671, 332, 615, 206, 604, 22, 85, 658, 630, 53, 31, 52, 562, 178, 356, 208, 568, 532, 254, 714, 120, 565, 201, 589, 394, 29, 274, 463, 326, 142, 563, 327, 302, 410, 557, 291, 518, 12, 391, 276, 266, 54, 297, 414, 242, 283, 36, 103, 34, 365, 657, 90, 607, 650, 510, 506, 224, 362, 505, 312, 697, 346, 624, 173, 561, 301, 342, 74, 370, 576, 572, 328, 105, 413, 469, 642, 277, 541, 164, 540, 364, 104, 37, 183, 459, 440, 317, 550, 546, 252, 431, 725, 648, 746, 511, 42, 487, 294, 515, 369, 352, 192, 548, 94, 664, 325, 116, 454, 2, 502, 359, 432, 438, 425, 207, 4, 527, 626, 122, 599, 295, 209, 493, 354, 404, 377, 528, 60, 148, 736, 305, 523, 98, 655, 535, 478, 367, 674, 628, 157, 300, 480, 483, 594, 231, 571, 693, 137, 641, 330, 366, 549, 380, 275, 102, 639, 204, 705, 556, 25, 194, 386, 15, 476, 398, 126, 501, 542, 684, 560, 350, 726, 289, 269, 47, 227, 632, 497, 596, 259, 494, 703, 739, 500, 538, 163, 222, 732, 503, 702, 606, 421, 216, 721, 417, 462, 612, 101, 687, 256, 382, 99, 456, 385, 310, 355, 299, 110, 258, 591, 282, 159, 331, 127, 40, 345, 82, 286, 383, 125, 416, 162, 744, 619, 344, 281, 395, 32, 200, 616, 360, 145, 621, 171, 484, 280, 129, 682, 673, 247, 109, 713, 19, 603, 123, 260, 196, 188, 7, 257, 388, 212, 698, 691, 595, 666, 614, 520, 134, 470, 508, 643, 701, 357, 727, 49, 686, 397, 428, 564, 399, 590, 611, 678, 699, 622, 177, 586, 112, 153, 361, 278, 57, 683, 228, 322, 215, 672, 581, 50, 610, 517, 43, 737, 230, 150, 408, 203, 584, 152, 236, 465, 443, 86, 376, 293, 491, 234, 6, 296, 667, 387, 20, 555, 21, 547, 685, 121, 268, 133, 338, 471, 30, 341, 392, 430, 598, 580, 660, 9, 63, 669, 411, 627, 95, 676, 202, 704, 232, 186, 166, 420, 292, 198, 436, 179, 640, 39, 473, 321, 167, 475, 486, 225, 262, 422, 66, 168, 197, 26, 654, 221, 340, 735, 176, 304, 466, 175, 59, 113, 189, 73, 3, 738, 559, 51, 320, 634, 141, 625, 583, 156, 446, 424, 81, 623, 680, 349, 651, 407, 337, 288, 426, 261, 578, 363, 601, 248, 412, 552, 184, 749, 504, 272, 748, 659, 402, 400, 573, 437, 605, 593, 351, 588, 144, 174, 245, 96, 14, 93, 273, 405, 83, 637, 114, 118, 418, 663, 496, 89, 498, 8, 131, 597, 263, 55, 716, 372, 324, 694, 492, 525, 161, 488, 290, 23, 353, 182, 329, 253, 149, 464, 115, 499, 516, 533, 339, 688, 608, 80, 46, 265, 706, 70, 313, 733, 218, 35, 482, 210, 309, 58, 17, 169, 512, 531, 138, 656, 139, 419, 692, 575, 613, 722, 441, 646, 423, 303, 255, 711, 710, 468, 100, 219, 458, 323, 264, 68, 745, 467, 485, 119, 409, 452, 27, 187, 567, 644, 170, 396, 130, 707, 389, 279, 193, 633, 720, 97, 226, 728, 401, 146, 91, 442, 79, 343, 675, 620, 117, 472, 64, 695, 490, 731, 577, 92, 18, 65, 479, 375, 537, 629, 539, 358, 128, 108, 474, 724, 124, 77, 444, 84, 214, 271, 481, 645, 379, 158, 534, 507, 306, 429, 717, 524, 585, 453, 427, 602, 741, 308, 71, 708, 160, 551, 730, 334, 285, 690, 381, 513, 718, 495, 521, 249, 635, 11, 638, 574, 111, 67, 270, 743, 336, 316, 536, 460, 319, 348, 233, 298, 723, 311, 393, 592, 477, 543, 165, 180, 681, 88, 16, 154, 451, 239, 445, 449, 649, 662, 48, 489, 670, 140, 668, 609, 107, 155, 75, 10, 433, 448, 415, 132, 250, 689, 213, 740, 579, 87, 191, 318, 143, 647, 447, 315, 244, 5, 235, 238, 135, 151, 69, 147]"
"35","130.22220396995544","134170.21875","135940.98421952737","[0, 41, 665, 33, 374, 569, 435, 211, 373, 652, 229, 719, 696, 217, 371, 729, 199, 554, 347, 56, 600, 526, 237, 44, 712, 106, 631, 700, 195, 439, 734, 78, 434, 378, 72, 677, 76, 570, 314, 181, 333, 636, 24, 61, 243, 223, 190, 709, 406, 390, 38, 335, 251, 509, 522, 653, 220, 587, 368, 545, 582, 45, 747, 715, 240, 661, 13, 62, 284, 403, 136, 529, 450, 205, 566, 172, 246, 185, 267, 455, 519, 617, 679, 461, 544, 28, 1, 457, 618, 241, 384, 307, 287, 514, 530, 553, 558, 742, 671, 332, 615, 206, 604, 22, 85, 658, 630, 53, 31, 52, 562, 178, 356, 208, 568, 532, 254, 714, 120, 565, 201, 589, 394, 29, 274, 463, 326, 142, 563, 327, 302, 410, 557, 291, 518, 12, 391, 276, 266, 54, 297, 414, 242, 283, 36, 103, 34, 365, 657, 90, 607, 650, 510, 506, 224, 362, 505, 312, 697, 346, 624, 173, 561, 301, 342, 74, 370, 576, 572, 328, 105, 413, 469, 642, 277, 541, 164, 540, 364, 104, 37, 183, 459, 440, 317, 550, 546, 252, 431, 725, 648, 746, 511, 42, 487, 294, 515, 369, 352, 192, 548, 94, 664, 325, 116, 454, 2, 502, 359, 432, 438, 425, 207, 4, 527, 626, 122, 599, 295, 209, 493, 354, 404, 377, 528, 60, 148, 736, 305, 523, 98, 655, 535, 478, 367, 674, 628, 157, 300, 480, 483, 594, 231, 571, 693, 137, 641, 330, 366, 549, 380, 275, 102, 639, 204, 705, 556, 25, 194, 386, 15, 476, 398, 126, 501, 542, 684, 560, 350, 726, 289, 269, 47, 227, 632, 497, 596, 259, 494, 703, 739, 500, 538, 163, 222, 732, 503, 702, 606, 421, 216, 721, 417, 462, 612, 101, 687, 256, 382, 99, 456, 385, 310, 355, 299, 110, 258, 591, 282, 159, 331, 127, 40, 345, 82, 286, 383, 125, 416, 162, 744, 619, 344, 281, 395, 32, 200, 616, 360, 145, 621, 171, 484, 280, 129, 682, 673, 247, 109, 713, 19, 603, 123, 260, 196, 188, 7, 257, 388, 212, 698, 691, 595, 666, 614, 520, 134, 470, 508, 643, 701, 357, 727, 49, 686, 397, 428, 564, 399, 590, 611, 678, 699, 622, 177, 586, 112, 153, 361, 278, 57, 683, 228, 322, 215, 672, 581, 50, 610, 517, 43, 737, 230, 150, 408, 203, 584, 152, 236, 465, 443, 86, 376, 293, 491, 234, 6, 296, 667, 387, 20, 555, 21, 547, 685, 121, 268, 133, 338, 471, 30, 341, 392, 430, 598, 580, 660, 9, 63, 669, 411, 627, 95, 676, 202, 704, 232, 186, 166, 420, 292, 198, 436, 179, 640, 39, 473, 321, 167, 475, 486, 225, 262, 422, 66, 168, 197, 26, 654, 735, 176, 304, 466, 221, 175, 59, 340, 113, 189, 73, 3, 738, 559, 51, 320, 634, 141, 625, 583, 156, 446, 424, 81, 623, 680, 349, 651, 407, 337, 288, 426, 261, 578, 363, 601, 248, 412, 552, 184, 749, 504, 272, 748, 659, 402, 400, 573, 437, 605, 593, 351, 588, 144, 174, 245, 96, 14, 93, 273, 405, 83, 637, 114, 118, 418, 663, 496, 89, 498, 8, 131, 597, 263, 55, 716, 372, 324, 694, 492, 525, 161, 488, 290, 23, 353, 182, 329, 253, 149, 464, 115, 499, 516, 533, 339, 688, 608, 80, 46, 265, 706, 70, 313, 733, 218, 35, 482, 210, 309, 58, 17, 169, 512, 531, 138, 656, 139, 419, 692, 575, 613, 722, 441, 646, 423, 303, 255, 711, 710, 468, 100, 219, 458, 323, 264, 68, 745, 467, 485, 119, 409, 452, 27, 187, 567, 644, 170, 396, 130, 707, 389, 279, 193, 633, 720, 97, 226, 728, 401, 146, 91, 442, 79, 343, 675, 620, 117, 472, 64, 695, 490, 731, 577, 92, 18, 65, 479, 375, 537, 629, 539, 358, 128, 108, 474, 724, 124, 77, 444, 84, 214, 271, 481, 645, 379, 158, 534, 507, 306, 429, 717, 524, 585, 453, 427, 602, 741, 308, 71, 708, 160, 551, 730, 334, 285, 690, 381, 513, 718, 495, 521, 249, 635, 11, 638, 574, 111, 67, 270, 743, 336, 316, 536, 460, 319, 348, 233, 298, 723, 311, 393, 592, 477, 543, 165, 180, 681, 88, 16, 154, 451, 239, 445, 449, 649, 662, 48, 489, 670, 140, 668, 609, 107, 155, 75, 10, 433, 448, 415, 132, 250, 689, 213, 740, 579, 87, 191, 318, 143, 647, 447, 315, 244, 5, 235, 238, 135, 151, 69, 147]"
"36","134.02126049995422","134169.765625","135874.7647699005","[0, 41, 665, 33, 374, 569, 435, 211, 373, 652, 229, 719, 696, 217, 371, 729, 199, 554, 347, 56, 600, 526, 237, 44, 712, 106, 631, 700, 195, 439, 734, 78, 434, 378, 72, 677, 76, 570, 314, 181, 333, 636, 24, 61, 243, 223, 190, 709, 406, 390, 38, 335, 251, 509, 522, 653, 220, 587, 368, 545, 582, 45, 747, 715, 240, 661, 13, 62, 284, 403, 136, 529, 450, 205, 566, 172, 246, 185, 267, 455, 519, 617, 679, 461, 544, 28, 1, 457, 618, 241, 384, 307, 287, 514, 530, 553, 558, 742, 671, 332, 615, 206, 604, 22, 85, 658, 630, 53, 31, 52, 562, 178, 356, 208, 568, 532, 254, 714, 120, 565, 201, 589, 394, 29, 274, 463, 326, 142, 563, 327, 302, 410, 557, 291, 518, 12, 391, 276, 266, 54, 297, 414, 242, 283, 36, 103, 34, 365, 657, 90, 607, 650, 510, 506, 224, 362, 505, 312, 697, 346, 624, 173, 561, 301, 342, 74, 370, 576, 572, 328, 105, 413, 469, 642, 277, 541, 164, 540, 364, 104, 37, 183, 459, 440, 317, 550, 546, 252, 431, 725, 648, 746, 511, 42, 487, 294, 515, 369, 352, 192, 548, 94, 664, 325, 116, 454, 2, 502, 359, 432, 438, 425, 207, 4, 527, 626, 122, 599, 295, 209, 493, 354, 404, 377, 528, 60, 148, 736, 305, 523, 98, 655, 535, 478, 367, 674, 628, 157, 300, 480, 483, 594, 231, 571, 693, 137, 641, 330, 366, 549, 380, 275, 102, 639, 204, 705, 556, 25, 194, 386, 15, 476, 398, 126, 501, 542, 684, 560, 350, 726, 289, 269, 47, 227, 632, 497, 596, 259, 494, 703, 739, 500, 538, 163, 222, 732, 503, 702, 606, 421, 216, 721, 417, 462, 612, 101, 687, 256, 382, 99, 456, 385, 310, 355, 299, 110, 258, 591, 282, 159, 331, 127, 40, 345, 82, 286, 383, 125, 416, 162, 744, 619, 344, 281, 395, 32, 200, 616, 360, 145, 621, 171, 484, 280, 129, 682, 673, 247, 109, 713, 19, 603, 123, 260, 196, 188, 7, 257, 388, 212, 698, 691, 595, 666, 614, 520, 134, 470, 508, 643, 701, 357, 727, 49, 686, 397, 428, 564, 399, 590, 611, 678, 699, 622, 177, 586, 112, 153, 361, 278, 57, 683, 228, 322, 215, 672, 581, 50, 610, 517, 43, 737, 230, 150, 408, 203, 584, 152, 236, 465, 443, 86, 376, 293, 491, 234, 6, 296, 667, 387, 20, 555, 21, 547, 685, 121, 268, 133, 338, 471, 30, 341, 392, 430, 598, 580, 660, 9, 63, 669, 411, 627, 95, 676, 202, 704, 232, 186, 166, 420, 292, 198, 436, 179, 640, 39, 473, 321, 167, 475, 486, 225, 262, 422, 66, 168, 197, 26, 654, 735, 176, 304, 466, 221, 175, 59, 340, 113, 189, 73, 3, 738, 559, 51, 320, 634, 141, 625, 583, 156, 446, 424, 81, 623, 680, 349, 651, 407, 337, 288, 426, 261, 578, 363, 601, 248, 412, 552, 184, 749, 504, 272, 748, 659, 402, 400, 573, 437, 605, 593, 351, 588, 144, 174, 245, 96, 14, 273, 93, 83, 637, 405, 114, 118, 418, 663, 496, 89, 498, 8, 131, 597, 263, 55, 716, 372, 324, 694, 492, 525, 161, 488, 290, 23, 353, 182, 329, 253, 149, 464, 115, 499, 516, 533, 339, 688, 608, 80, 46, 265, 706, 70, 313, 733, 218, 35, 482, 210, 309, 58, 17, 169, 512, 531, 138, 656, 139, 419, 692, 575, 613, 722, 441, 646, 423, 303, 255, 711, 710, 468, 100, 219, 458, 323, 264, 68, 745, 467, 485, 119, 409, 452, 27, 187, 567, 644, 170, 396, 130, 707, 389, 279, 193, 633, 720, 97, 226, 728, 401, 146, 91, 442, 79, 343, 675, 620, 117, 472, 64, 695, 490, 731, 577, 92, 18, 65, 479, 375, 537, 629, 539, 358, 128, 108, 474, 724, 124, 77, 444, 84, 214, 271, 481, 645, 379, 158, 534, 507, 306, 429, 717, 524, 585, 453, 427, 602, 741, 308, 71, 708, 160, 551, 730, 334, 285, 690, 381, 513, 718, 495, 521, 249, 635, 11, 638, 574, 111, 67, 270, 743, 336, 316, 536, 460, 319, 348, 233, 298, 723, 311, 393, 592, 477, 543, 165, 180, 681, 88, 16, 154, 451, 239, 445, 449, 649, 662, 48, 489, 670, 140, 668, 609, 107, 155, 75, 10, 433, 448, 415, 132, 250, 689, 213, 740, 579, 87, 191, 318, 143, 647, 447, 315, 244, 5, 235, 238, 135, 151, 69, 147]"
"37","137.81447839736938","134059.328125","135838.87857587065","[0, 41, 665, 33, 374, 569, 435, 211, 373, 652, 229, 719, 696, 217, 371, 729, 199, 554, 347, 56, 600, 526, 237, 44, 712, 106, 631, 700, 195, 439, 734, 78, 434, 378, 72, 677, 76, 570, 314, 181, 333, 636, 24, 61, 243, 223, 190, 709, 406, 390, 38, 335, 251, 509, 522, 653, 220, 587, 368, 545, 582, 45, 747, 715, 240, 661, 13, 62, 284, 403, 136, 529, 450, 205, 566, 172, 246, 185, 267, 455, 519, 617, 679, 461, 544, 28, 1, 457, 618, 241, 384, 307, 287, 514, 530, 553, 558, 742, 671, 332, 615, 206, 604, 22, 85, 658, 630, 53, 31, 52, 562, 178, 356, 208, 568, 532, 254, 714, 120, 565, 201, 589, 394, 29, 274, 463, 326, 142, 563, 327, 302, 410, 557, 291, 518, 12, 391, 276, 266, 54, 297, 414, 242, 283, 36, 103, 34, 365, 657, 90, 607, 650, 510, 506, 224, 362, 505, 312, 697, 346, 624, 173, 561, 301, 342, 74, 370, 576, 572, 328, 105, 413, 469, 642, 277, 541, 164, 540, 364, 104, 37, 183, 459, 440, 317, 550, 546, 252, 431, 725, 648, 746, 511, 42, 487, 294, 515, 369, 352, 192, 548, 94, 664, 325, 116, 454, 2, 502, 359, 432, 438, 425, 207, 4, 527, 626, 122, 599, 295, 209, 493, 354, 404, 377, 528, 60, 148, 736, 305, 523, 98, 655, 535, 478, 367, 674, 628, 157, 300, 480, 483, 594, 231, 571, 693, 137, 641, 330, 366, 549, 380, 275, 102, 639, 204, 705, 556, 25, 194, 386, 15, 476, 398, 126, 501, 542, 684, 560, 350, 726, 289, 269, 47, 227, 632, 497, 596, 259, 494, 703, 739, 500, 538, 163, 222, 732, 503, 702, 606, 421, 216, 721, 417, 462, 612, 101, 687, 256, 382, 99, 456, 385, 310, 355, 299, 110, 258, 591, 282, 159, 331, 127, 40, 345, 82, 286, 383, 125, 416, 162, 744, 619, 344, 281, 395, 32, 200, 616, 360, 145, 621, 171, 484, 280, 129, 682, 673, 247, 109, 713, 19, 603, 123, 260, 196, 188, 7, 257, 388, 212, 698, 691, 595, 666, 614, 520, 134, 470, 508, 643, 701, 357, 727, 49, 686, 397, 428, 564, 399, 590, 611, 678, 699, 622, 177, 586, 112, 153, 361, 278, 57, 683, 228, 322, 215, 672, 581, 50, 610, 517, 43, 737, 230, 150, 408, 203, 584, 152, 236, 465, 443, 86, 376, 293, 491, 234, 6, 296, 667, 387, 20, 555, 21, 547, 685, 121, 268, 133, 338, 471, 30, 341, 392, 430, 598, 580, 660, 9, 63, 669, 411, 627, 95, 676, 202, 704, 232, 186, 166, 420, 292, 198, 436, 179, 640, 39, 473, 321, 167, 475, 486, 225, 262, 422, 66, 168, 197, 26, 654, 735, 176, 304, 466, 340, 221, 59, 175, 113, 73, 189, 3, 738, 559, 51, 320, 634, 141, 625, 583, 156, 446, 424, 81, 623, 680, 349, 651, 407, 337, 288, 426, 261, 578, 363, 601, 248, 412, 552, 184, 749, 504, 272, 748, 659, 402, 400, 573, 437, 605, 593, 351, 588, 144, 174, 245, 96, 14, 93, 273, 405, 83, 637, 114, 118, 418, 663, 496, 89, 498, 8, 131, 597, 263, 55, 716, 372, 324, 694, 492, 525, 161, 488, 290, 23, 353, 182, 329, 253, 149, 464, 115, 499, 516, 533, 339, 688, 608, 80, 46, 265, 706, 70, 313, 733, 218, 35, 482, 210, 309, 58, 17, 169, 512, 531, 138, 656, 139, 419, 692, 575, 613, 722, 441, 646, 423, 303, 255, 711, 710, 468, 100, 219, 458, 323, 264, 68, 745, 467, 485, 119, 409, 452, 27, 187, 567, 644, 170, 396, 130, 707, 389, 279, 193, 633, 720, 97, 226, 728, 401, 146, 91, 442, 79, 343, 675, 620, 117, 472, 64, 695, 490, 731, 577, 92, 18, 65, 479, 375, 537, 629, 539, 358, 128, 108, 474, 724, 124, 77, 444, 84, 214, 271, 481, 645, 379, 158, 534, 507, 306, 429, 717, 524, 585, 453, 427, 602, 741, 308, 71, 708, 160, 551, 730, 334, 285, 690, 381, 513, 718, 495, 521, 249, 635, 11, 638, 574, 111, 67, 270, 743, 336, 316, 536, 460, 319, 348, 233, 298, 723, 311, 393, 592, 477, 543, 165, 180, 681, 88, 16, 154, 451, 239, 445, 449, 649, 662, 48, 489, 670, 140, 668, 609, 107, 155, 75, 10, 433, 448, 415, 132, 250, 689, 213, 740, 579, 87, 191, 318, 143, 647, 447, 315, 244, 5, 235, 238, 135, 151, 69, 147]"
"38","141.60680079460144","133924.9375","135710.6529073383","[0, 41, 665, 33, 374, 569, 435, 211, 373, 652, 229, 719, 696, 217, 371, 729, 199, 554, 347, 56, 600, 526, 237, 44, 712, 106, 631, 700, 195, 439, 734, 78, 434, 378, 72, 677, 76, 570, 314, 181, 333, 636, 24, 61, 243, 223, 190, 709, 406, 390, 38, 335, 251, 509, 522, 653, 220, 587, 368, 545, 582, 45, 747, 715, 240, 661, 13, 62, 284, 403, 136, 529, 450, 205, 566, 172, 246, 185, 267, 455, 519, 617, 679, 461, 544, 28, 1, 457, 618, 241, 384, 307, 287, 514, 530, 553, 558, 742, 671, 332, 615, 206, 604, 22, 85, 658, 630, 53, 31, 52, 562, 178, 356, 208, 568, 532, 254, 714, 120, 565, 201, 589, 394, 29, 274, 463, 326, 142, 563, 327, 302, 410, 557, 291, 518, 12, 391, 276, 266, 54, 297, 414, 242, 283, 36, 103, 34, 365, 657, 90, 607, 650, 510, 506, 224, 362, 505, 312, 697, 346, 624, 173, 561, 301, 342, 74, 370, 576, 572, 328, 105, 413, 469, 642, 277, 541, 164, 540, 364, 104, 37, 183, 459, 440, 317, 550, 546, 252, 431, 725, 648, 746, 511, 42, 487, 294, 515, 369, 352, 192, 548, 94, 664, 325, 116, 454, 2, 502, 359, 432, 438, 425, 207, 4, 527, 626, 122, 599, 295, 209, 493, 354, 404, 377, 528, 60, 148, 736, 305, 523, 98, 655, 535, 478, 367, 674, 628, 157, 300, 480, 483, 594, 231, 571, 693, 137, 641, 330, 366, 549, 380, 275, 102, 639, 204, 705, 556, 25, 194, 386, 15, 476, 398, 126, 501, 542, 684, 560, 350, 726, 289, 269, 47, 227, 632, 497, 596, 259, 494, 703, 739, 500, 538, 163, 222, 732, 503, 702, 606, 421, 216, 721, 417, 462, 612, 101, 687, 256, 382, 99, 456, 385, 310, 355, 299, 110, 258, 591, 282, 159, 331, 127, 40, 345, 82, 286, 383, 125, 416, 162, 744, 619, 344, 281, 395, 32, 200, 616, 360, 145, 621, 171, 484, 280, 129, 682, 673, 247, 109, 713, 19, 603, 123, 260, 196, 188, 7, 257, 388, 212, 698, 691, 595, 666, 614, 520, 134, 470, 508, 643, 701, 357, 727, 49, 686, 397, 428, 564, 399, 590, 611, 678, 699, 622, 177, 586, 112, 153, 361, 278, 57, 683, 228, 322, 215, 672, 581, 50, 610, 517, 43, 737, 230, 150, 408, 203, 584, 152, 236, 465, 443, 86, 376, 293, 491, 234, 6, 296, 667, 387, 20, 555, 21, 547, 685, 121, 268, 133, 338, 471, 30, 341, 392, 430, 598, 580, 660, 9, 63, 669, 411, 627, 95, 676, 202, 704, 232, 186, 166, 420, 292, 198, 436, 179, 640, 39, 473, 321, 167, 475, 486, 225, 262, 422, 66, 168, 197, 26, 654, 735, 176, 304, 466, 221, 175, 59, 340, 113, 189, 73, 3, 738, 559, 51, 320, 634, 141, 625, 583, 156, 446, 424, 81, 623, 680, 349, 651, 407, 337, 288, 426, 261, 578, 363, 601, 248, 412, 552, 184, 749, 504, 272, 748, 659, 402, 400, 573, 437, 605, 593, 351, 588, 144, 174, 245, 96, 14, 93, 273, 405, 83, 637, 114, 118, 418, 663, 496, 89, 498, 8, 131, 597, 263, 55, 716, 372, 324, 488, 290, 492, 525, 161, 694, 23, 353, 182, 329, 253, 149, 464, 115, 499, 516, 533, 339, 688, 608, 80, 46, 265, 706, 70, 313, 733, 218, 35, 482, 210, 309, 58, 17, 169, 512, 531, 138, 656, 139, 419, 692, 575, 613, 722, 441, 646, 423, 303, 255, 711, 710, 468, 100, 219, 458, 323, 264, 68, 745, 467, 485, 119, 409, 452, 27, 187, 567, 644, 170, 396, 130, 707, 389, 279, 193, 633, 720, 97, 226, 728, 401, 146, 91, 442, 79, 343, 675, 620, 117, 472, 64, 695, 490, 731, 577, 92, 18, 65, 479, 375, 537, 629, 539, 358, 128, 108, 474, 724, 124, 77, 444, 84, 214, 271, 481, 645, 379, 158, 534, 507, 306, 429, 717, 524, 585, 453, 427, 602, 741, 308, 71, 708, 160, 551, 730, 334, 285, 690, 381, 513, 718, 495, 521, 249, 635, 11, 638, 574, 111, 67, 270, 743, 336, 316, 536, 460, 319, 348, 233, 298, 723, 311, 393, 592, 477, 543, 165, 180, 681, 88, 16, 154, 451, 239, 445, 449, 649, 662, 48, 489, 670, 140, 668, 609, 107, 155, 75, 10, 433, 448, 415, 132, 250, 689, 213, 740, 579, 87, 191, 318, 143, 647, 447, 315, 244, 5, 235, 238, 135, 151, 69, 147]"
"39","145.40526843070984","133729.578125","135629.14832089553","[0, 41, 665, 33, 374, 569, 435, 211, 373, 652, 229, 719, 696, 217, 371, 729, 199, 554, 347, 56, 600, 526, 237, 44, 712, 106, 631, 700, 195, 439, 734, 78, 434, 378, 72, 677, 76, 570, 314, 181, 333, 636, 24, 61, 243, 223, 190, 709, 406, 390, 38, 335, 251, 509, 522, 653, 220, 587, 368, 545, 582, 45, 747, 715, 240, 661, 13, 62, 284, 403, 136, 529, 450, 205, 566, 172, 246, 185, 267, 455, 519, 617, 679, 461, 544, 28, 1, 457, 618, 241, 384, 307, 287, 514, 530, 553, 558, 742, 671, 332, 615, 206, 604, 22, 85, 658, 630, 53, 31, 52, 562, 178, 356, 208, 568, 532, 254, 714, 120, 565, 201, 589, 394, 29, 274, 463, 326, 142, 563, 327, 302, 410, 557, 291, 518, 12, 391, 276, 266, 54, 297, 414, 242, 283, 36, 103, 34, 365, 657, 90, 607, 650, 510, 506, 224, 362, 505, 312, 697, 346, 624, 173, 561, 301, 342, 74, 370, 576, 572, 328, 105, 413, 469, 642, 277, 541, 164, 540, 364, 104, 37, 183, 459, 440, 317, 550, 546, 252, 431, 725, 648, 746, 511, 42, 487, 294, 515, 369, 352, 192, 548, 94, 664, 325, 116, 454, 2, 502, 359, 432, 438, 425, 207, 4, 527, 626, 122, 599, 295, 209, 493, 354, 404, 377, 528, 60, 148, 736, 305, 523, 98, 655, 535, 478, 367, 674, 628, 157, 300, 480, 483, 594, 231, 571, 693, 137, 641, 330, 366, 549, 380, 275, 102, 639, 204, 705, 556, 25, 194, 386, 15, 476, 398, 126, 501, 542, 684, 560, 350, 726, 289, 269, 47, 227, 632, 497, 596, 259, 494, 703, 739, 500, 538, 163, 222, 732, 503, 702, 606, 421, 216, 721, 417, 462, 612, 101, 687, 256, 382, 99, 456, 385, 310, 355, 299, 110, 258, 591, 282, 159, 331, 127, 40, 345, 82, 286, 383, 125, 416, 162, 744, 619, 344, 281, 395, 32, 200, 616, 360, 145, 621, 171, 484, 280, 129, 682, 673, 247, 109, 713, 19, 603, 123, 260, 196, 188, 7, 257, 388, 212, 698, 691, 595, 666, 614, 520, 134, 470, 508, 643, 701, 357, 727, 49, 686, 397, 428, 564, 399, 590, 611, 678, 699, 622, 177, 586, 112, 153, 361, 278, 57, 228, 683, 322, 215, 672, 581, 50, 610, 517, 43, 737, 230, 150, 408, 203, 584, 152, 236, 465, 443, 86, 376, 293, 491, 234, 6, 296, 667, 387, 20, 555, 21, 547, 685, 121, 268, 133, 338, 471, 30, 341, 392, 430, 598, 580, 660, 9, 63, 669, 411, 627, 95, 676, 202, 704, 232, 186, 166, 420, 292, 198, 436, 179, 640, 39, 473, 321, 167, 475, 486, 225, 262, 422, 66, 168, 197, 26, 654, 735, 176, 304, 466, 340, 221, 59, 175, 113, 73, 189, 3, 738, 559, 51, 320, 634, 141, 625, 583, 156, 446, 424, 81, 623, 680, 349, 651, 407, 337, 288, 426, 261, 578, 363, 601, 248, 412, 552, 184, 749, 504, 272, 748, 659, 402, 400, 573, 437, 605, 593, 351, 588, 144, 174, 245, 96, 14, 93, 273, 405, 83, 637, 114, 118, 418, 663, 496, 89, 498, 8, 131, 597, 263, 55, 716, 372, 324, 488, 290, 492, 525, 161, 694, 23, 353, 182, 329, 253, 149, 464, 115, 499, 516, 533, 339, 688, 608, 80, 46, 265, 706, 70, 313, 733, 218, 35, 482, 210, 309, 58, 17, 169, 512, 531, 138, 656, 139, 419, 692, 575, 613, 722, 441, 646, 423, 303, 255, 711, 710, 468, 100, 219, 458, 323, 264, 68, 745, 467, 485, 119, 409, 452, 27, 187, 567, 644, 170, 396, 130, 707, 389, 279, 193, 633, 720, 97, 226, 728, 401, 146, 91, 442, 79, 343, 675, 620, 117, 472, 64, 695, 490, 731, 577, 92, 18, 65, 479, 375, 537, 629, 539, 358, 128, 108, 474, 724, 124, 77, 444, 84, 214, 271, 481, 645, 379, 158, 534, 507, 306, 429, 717, 524, 585, 453, 427, 602, 741, 308, 71, 708, 160, 551, 730, 334, 285, 690, 381, 513, 718, 495, 521, 249, 635, 11, 638, 574, 111, 67, 270, 743, 336, 316, 536, 460, 319, 348, 233, 298, 723, 311, 393, 592, 477, 543, 165, 180, 681, 88, 16, 154, 451, 239, 445, 449, 649, 662, 48, 489, 670, 140, 668, 609, 107, 155, 75, 10, 433, 448, 415, 132, 250, 689, 213, 740, 579, 87, 191, 318, 143, 647, 447, 315, 244, 5, 235, 238, 135, 151, 69, 147]"
"40","149.19766092300415","133695.203125","135517.47294776118","[0, 41, 665, 33, 374, 569, 435, 211, 373, 652, 229, 719, 696, 217, 371, 729, 199, 554, 347, 56, 600, 526, 237, 44, 712, 106, 631, 700, 195, 439, 734, 78, 434, 378, 72, 677, 76, 570, 314, 181, 333, 636, 24, 61, 243, 223, 190, 709, 406, 390, 38, 335, 251, 509, 522, 653, 220, 587, 368, 545, 582, 45, 747, 715, 240, 661, 13, 62, 284, 403, 136, 529, 450, 205, 566, 172, 246, 185, 267, 455, 519, 617, 679, 461, 544, 28, 1, 457, 618, 241, 384, 307, 287, 514, 530, 553, 558, 742, 671, 332, 615, 206, 604, 22, 85, 658, 630, 53, 31, 52, 562, 178, 356, 208, 568, 532, 254, 714, 120, 565, 201, 589, 394, 29, 274, 463, 326, 142, 563, 327, 302, 410, 557, 291, 518, 12, 391, 276, 266, 54, 297, 414, 242, 283, 36, 103, 34, 365, 657, 90, 607, 650, 510, 506, 224, 362, 505, 312, 697, 346, 624, 173, 561, 301, 342, 74, 370, 576, 572, 328, 105, 413, 469, 642, 277, 541, 164, 540, 364, 104, 37, 183, 459, 440, 317, 550, 546, 252, 431, 725, 648, 746, 511, 42, 487, 294, 515, 369, 352, 192, 548, 94, 664, 325, 116, 454, 2, 359, 502, 432, 438, 425, 207, 4, 527, 626, 122, 599, 295, 209, 493, 354, 404, 377, 528, 60, 148, 736, 305, 523, 98, 655, 535, 478, 367, 674, 628, 157, 300, 480, 483, 594, 231, 571, 693, 137, 641, 330, 366, 549, 380, 275, 102, 639, 204, 705, 556, 25, 194, 386, 15, 476, 398, 126, 501, 542, 684, 560, 350, 726, 289, 269, 47, 227, 632, 497, 596, 259, 494, 703, 739, 500, 538, 163, 222, 732, 503, 702, 606, 421, 216, 721, 417, 462, 612, 101, 687, 256, 382, 99, 456, 385, 310, 355, 299, 110, 258, 591, 282, 159, 331, 127, 40, 345, 82, 286, 383, 125, 416, 162, 744, 619, 344, 281, 395, 32, 200, 616, 360, 145, 621, 171, 484, 280, 129, 682, 673, 247, 109, 713, 19, 603, 123, 260, 196, 188, 7, 257, 388, 212, 698, 691, 595, 666, 614, 520, 134, 470, 508, 643, 701, 357, 727, 49, 686, 397, 428, 564, 399, 590, 611, 678, 699, 622, 177, 586, 112, 153, 361, 278, 57, 228, 683, 322, 215, 672, 581, 50, 610, 517, 43, 737, 230, 150, 408, 203, 584, 152, 236, 465, 443, 86, 376, 293, 491, 234, 6, 296, 667, 387, 20, 555, 21, 547, 685, 121, 268, 133, 338, 471, 30, 341, 392, 430, 598, 580, 660, 9, 63, 669, 411, 627, 95, 676, 202, 704, 232, 186, 166, 420, 292, 198, 436, 179, 640, 39, 473, 321, 167, 475, 486, 225, 262, 422, 66, 168, 197, 26, 654, 735, 176, 304, 466, 340, 221, 59, 175, 113, 73, 189, 3, 738, 559, 51, 320, 634, 141, 625, 583, 156, 446, 424, 81, 623, 680, 349, 651, 407, 337, 288, 426, 261, 578, 363, 601, 248, 412, 552, 184, 749, 504, 272, 748, 659, 402, 400, 573, 437, 605, 593, 351, 588, 144, 174, 245, 96, 14, 93, 273, 405, 83, 637, 114, 118, 418, 663, 496, 89, 498, 8, 131, 597, 263, 55, 716, 372, 324, 488, 290, 492, 525, 161, 694, 23, 353, 182, 329, 253, 149, 464, 115, 499, 516, 533, 339, 688, 608, 80, 46, 265, 706, 70, 313, 733, 218, 35, 482, 210, 309, 58, 17, 169, 512, 531, 138, 656, 139, 419, 692, 575, 613, 722, 441, 646, 423, 303, 255, 711, 710, 468, 100, 219, 458, 323, 264, 68, 745, 467, 485, 119, 409, 452, 27, 187, 567, 644, 170, 396, 130, 707, 389, 279, 193, 633, 720, 97, 226, 728, 401, 146, 91, 442, 79, 343, 675, 620, 117, 472, 64, 695, 490, 731, 577, 92, 18, 65, 479, 375, 537, 629, 539, 358, 128, 108, 474, 724, 124, 77, 444, 84, 214, 271, 481, 645, 379, 158, 534, 507, 306, 429, 717, 524, 585, 453, 427, 602, 741, 308, 71, 708, 160, 551, 730, 334, 285, 690, 381, 513, 718, 495, 521, 249, 635, 11, 638, 574, 111, 67, 270, 743, 336, 316, 536, 460, 319, 348, 233, 298, 723, 311, 393, 592, 477, 543, 165, 180, 681, 88, 16, 154, 451, 239, 445, 449, 649, 662, 48, 489, 670, 140, 668, 609, 107, 155, 75, 10, 433, 448, 415, 132, 250, 689, 213, 740, 579, 87, 191, 318, 143, 647, 447, 315, 244, 5, 235, 238, 135, 151, 69, 147]"
"41","152.9956669807434","133691.75","135378.26826803482","[0, 41, 665, 33, 374, 569, 435, 211, 373, 652, 229, 719, 696, 217, 371, 729, 199, 554, 347, 56, 600, 526, 237, 44, 712, 106, 631, 700, 195, 439, 734, 78, 434, 378, 72, 677, 76, 570, 314, 181, 333, 636, 24, 61, 243, 223, 190, 709, 406, 390, 509, 251, 38, 335, 587, 220, 522, 653, 368, 545, 582, 45, 747, 715, 240, 661, 13, 62, 284, 403, 136, 529, 450, 205, 566, 172, 246, 185, 267, 455, 519, 617, 679, 461, 544, 28, 1, 457, 618, 241, 384, 307, 287, 514, 530, 553, 558, 742, 671, 332, 615, 206, 604, 22, 85, 658, 630, 53, 31, 52, 562, 178, 356, 208, 568, 532, 254, 714, 120, 565, 201, 589, 394, 29, 274, 463, 326, 142, 563, 327, 302, 410, 557, 291, 518, 12, 391, 276, 266, 54, 297, 414, 242, 283, 36, 103, 34, 365, 657, 90, 607, 650, 510, 506, 224, 362, 505, 312, 697, 346, 624, 173, 561, 301, 342, 74, 370, 576, 572, 328, 105, 413, 469, 642, 277, 541, 164, 540, 364, 104, 37, 183, 459, 440, 317, 550, 546, 252, 431, 725, 648, 746, 511, 42, 487, 294, 515, 369, 352, 192, 548, 94, 664, 325, 116, 454, 2, 359, 502, 432, 438, 425, 207, 4, 527, 626, 122, 599, 295, 209, 493, 354, 404, 377, 528, 60, 148, 736, 305, 523, 98, 655, 535, 478, 367, 674, 628, 157, 300, 480, 483, 594, 231, 571, 693, 137, 641, 330, 366, 549, 380, 275, 102, 639, 204, 705, 556, 25, 194, 386, 15, 476, 398, 126, 501, 542, 684, 560, 350, 726, 289, 269, 47, 227, 632, 497, 596, 259, 494, 703, 739, 500, 538, 163, 222, 732, 503, 702, 606, 421, 216, 721, 417, 462, 612, 101, 687, 256, 382, 99, 456, 385, 310, 355, 299, 110, 258, 591, 282, 159, 331, 127, 40, 345, 82, 286, 383, 125, 416, 162, 744, 619, 344, 281, 395, 32, 200, 616, 360, 145, 621, 171, 484, 280, 129, 682, 673, 247, 109, 713, 19, 603, 123, 260, 196, 188, 7, 257, 388, 212, 698, 691, 595, 666, 614, 520, 134, 470, 508, 643, 701, 357, 727, 49, 686, 397, 428, 564, 399, 590, 611, 678, 699, 622, 177, 586, 112, 153, 361, 278, 57, 228, 683, 322, 215, 672, 581, 50, 610, 517, 43, 737, 230, 150, 408, 203, 584, 152, 236, 465, 443, 86, 376, 293, 491, 234, 6, 296, 667, 387, 20, 555, 21, 547, 685, 121, 268, 133, 338, 471, 30, 341, 392, 430, 598, 580, 660, 9, 63, 669, 411, 627, 95, 676, 202, 704, 232, 186, 166, 420, 292, 198, 436, 179, 640, 39, 473, 321, 167, 475, 486, 225, 262, 422, 66, 168, 197, 26, 654, 735, 176, 304, 466, 340, 221, 59, 175, 113, 73, 189, 3, 738, 559, 51, 320, 634, 141, 625, 583, 156, 446, 424, 81, 623, 680, 349, 651, 407, 337, 288, 426, 261, 578, 363, 601, 248, 412, 552, 184, 749, 504, 272, 748, 659, 402, 400, 573, 437, 605, 593, 351, 588, 144, 174, 245, 96, 14, 93, 273, 405, 83, 637, 114, 118, 418, 663, 496, 89, 498, 8, 131, 597, 263, 55, 716, 372, 324, 488, 290, 492, 525, 161, 694, 23, 353, 182, 329, 253, 149, 464, 115, 499, 516, 533, 339, 688, 608, 80, 46, 265, 706, 70, 313, 733, 218, 35, 482, 210, 309, 58, 17, 169, 512, 531, 138, 656, 139, 419, 692, 575, 613, 722, 441, 646, 423, 303, 255, 711, 710, 468, 100, 219, 458, 323, 264, 68, 745, 467, 485, 119, 409, 452, 27, 187, 567, 644, 170, 396, 130, 707, 389, 279, 193, 633, 720, 97, 226, 728, 401, 146, 91, 442, 79, 343, 675, 620, 117, 472, 64, 695, 490, 731, 577, 92, 18, 65, 479, 375, 537, 629, 539, 358, 128, 108, 474, 724, 124, 77, 444, 84, 214, 271, 481, 645, 379, 158, 534, 507, 306, 429, 717, 524, 585, 453, 427, 602, 741, 308, 71, 708, 160, 551, 730, 334, 285, 690, 381, 513, 718, 495, 521, 249, 635, 11, 638, 574, 111, 67, 270, 743, 336, 316, 536, 460, 319, 348, 233, 298, 723, 311, 393, 592, 477, 543, 165, 180, 681, 88, 16, 154, 451, 239, 445, 449, 649, 662, 48, 489, 670, 140, 668, 609, 107, 155, 75, 10, 433, 448, 415, 132, 250, 689, 213, 740, 579, 87, 191, 318, 143, 647, 447, 315, 244, 5, 235, 238, 135, 151, 69, 147]"
"42","156.79836416244507","133672.921875","135345.6258550995","[0, 41, 665, 33, 374, 569, 435, 211, 373, 652, 229, 719, 696, 217, 371, 729, 199, 554, 347, 56, 600, 526, 237, 44, 712, 106, 631, 700, 195, 439, 734, 78, 434, 378, 72, 677, 76, 570, 314, 181, 333, 636, 24, 61, 243, 223, 190, 709, 406, 390, 38, 335, 251, 509, 522, 653, 220, 587, 368, 545, 582, 45, 747, 715, 240, 661, 13, 62, 284, 403, 136, 529, 450, 205, 566, 172, 246, 185, 267, 455, 519, 617, 679, 461, 544, 28, 1, 457, 618, 241, 384, 307, 287, 514, 530, 553, 558, 742, 671, 332, 615, 206, 604, 22, 85, 658, 630, 53, 31, 52, 562, 178, 356, 208, 568, 532, 254, 714, 120, 565, 201, 589, 394, 29, 274, 463, 326, 142, 563, 327, 302, 410, 557, 291, 518, 12, 391, 276, 266, 54, 297, 414, 242, 283, 36, 103, 34, 365, 657, 90, 607, 650, 510, 506, 224, 362, 505, 312, 697, 346, 624, 173, 561, 301, 342, 74, 370, 576, 572, 328, 105, 413, 469, 642, 277, 541, 164, 540, 364, 104, 37, 183, 459, 440, 317, 550, 546, 252, 431, 725, 648, 746, 511, 42, 487, 294, 515, 369, 352, 192, 548, 94, 664, 325, 116, 454, 2, 359, 502, 432, 438, 425, 207, 4, 527, 626, 122, 599, 295, 209, 493, 354, 404, 377, 528, 60, 148, 736, 305, 523, 98, 655, 535, 478, 367, 674, 628, 157, 300, 480, 483, 594, 231, 571, 693, 137, 641, 330, 366, 549, 380, 275, 102, 639, 204, 705, 556, 25, 194, 386, 15, 476, 398, 126, 501, 542, 684, 560, 350, 726, 289, 269, 47, 227, 632, 497, 596, 259, 494, 703, 739, 500, 538, 163, 222, 732, 503, 702, 606, 421, 216, 721, 417, 462, 612, 101, 687, 256, 382, 99, 456, 385, 310, 355, 299, 110, 258, 591, 282, 159, 331, 127, 40, 345, 82, 286, 383, 125, 416, 162, 744, 619, 344, 281, 395, 32, 200, 616, 360, 145, 621, 171, 484, 280, 129, 682, 673, 247, 109, 713, 19, 603, 123, 260, 196, 188, 7, 257, 388, 212, 614, 698, 595, 666, 691, 520, 134, 470, 508, 643, 701, 357, 727, 49, 686, 397, 428, 564, 399, 590, 611, 678, 699, 622, 177, 586, 112, 153, 361, 278, 57, 228, 683, 322, 215, 672, 581, 50, 610, 517, 43, 737, 230, 150, 408, 203, 584, 152, 236, 465, 443, 86, 376, 293, 491, 234, 6, 296, 667, 387, 20, 555, 21, 547, 685, 121, 268, 133, 338, 471, 30, 341, 392, 430, 598, 580, 660, 9, 63, 669, 411, 627, 95, 676, 202, 704, 232, 186, 166, 420, 292, 198, 436, 179, 640, 39, 473, 321, 167, 475, 486, 225, 262, 422, 66, 168, 197, 26, 654, 735, 176, 304, 466, 340, 221, 59, 175, 113, 73, 189, 3, 738, 559, 51, 320, 634, 141, 625, 583, 156, 446, 424, 81, 623, 680, 349, 651, 407, 337, 288, 426, 261, 578, 363, 601, 248, 412, 552, 184, 749, 504, 272, 748, 659, 402, 400, 573, 437, 605, 593, 351, 588, 144, 174, 245, 96, 14, 93, 273, 405, 83, 637, 114, 118, 418, 663, 496, 89, 498, 8, 131, 597, 263, 55, 716, 372, 324, 488, 290, 492, 525, 161, 694, 23, 353, 182, 329, 253, 149, 464, 115, 499, 516, 533, 339, 688, 608, 80, 46, 265, 706, 70, 313, 733, 218, 35, 482, 210, 309, 58, 17, 169, 512, 531, 138, 656, 139, 419, 692, 575, 613, 722, 441, 646, 423, 303, 255, 711, 710, 468, 100, 219, 458, 323, 264, 68, 745, 467, 485, 119, 409, 452, 27, 187, 567, 644, 170, 396, 130, 707, 389, 279, 193, 633, 720, 97, 226, 728, 401, 146, 91, 442, 79, 343, 675, 620, 117, 472, 64, 695, 490, 731, 577, 92, 18, 65, 479, 375, 537, 629, 539, 358, 128, 108, 474, 724, 124, 77, 444, 84, 214, 271, 481, 645, 379, 158, 534, 507, 306, 429, 717, 524, 585, 453, 427, 602, 741, 308, 71, 708, 160, 551, 730, 334, 285, 690, 381, 513, 718, 495, 521, 249, 635, 11, 638, 574, 111, 67, 270, 743, 336, 316, 536, 460, 319, 348, 233, 298, 723, 311, 393, 592, 477, 543, 165, 180, 681, 88, 16, 154, 451, 239, 445, 449, 649, 662, 48, 489, 670, 140, 668, 609, 107, 155, 75, 10, 433, 448, 415, 132, 250, 689, 213, 740, 579, 87, 191, 318, 143, 647, 447, 315, 244, 5, 235, 238, 135, 151, 69, 147]"
"43","160.613995552063","133642.828125","135206.9046175373","[0, 41, 665, 33, 374, 569, 435, 211, 373, 652, 229, 719, 696, 217, 371, 729, 199, 554, 347, 56, 600, 526, 237, 44, 712, 106, 631, 700, 195, 439, 734, 78, 434, 378, 72, 677, 76, 570, 314, 181, 333, 636, 24, 61, 243, 223, 190, 709, 406, 390, 509, 251, 38, 335, 587, 220, 522, 653, 368, 545, 582, 45, 747, 715, 240, 661, 13, 62, 284, 403, 136, 529, 450, 205, 566, 172, 246, 185, 267, 455, 519, 617, 679, 461, 544, 28, 1, 457, 618, 241, 384, 307, 287, 514, 530, 553, 558, 742, 671, 332, 615, 206, 604, 22, 85, 658, 630, 53, 31, 52, 562, 178, 356, 208, 568, 532, 254, 714, 120, 565, 201, 589, 394, 29, 274, 463, 326, 142, 563, 327, 302, 410, 557, 291, 518, 12, 391, 276, 266, 54, 297, 414, 242, 283, 36, 103, 34, 365, 657, 90, 607, 650, 510, 506, 224, 362, 505, 312, 697, 346, 624, 173, 561, 301, 342, 74, 370, 576, 572, 328, 105, 413, 469, 642, 277, 541, 164, 540, 364, 104, 37, 183, 459, 440, 317, 550, 546, 252, 431, 725, 648, 746, 511, 42, 487, 294, 515, 369, 352, 192, 548, 94, 664, 325, 116, 454, 2, 359, 502, 432, 438, 425, 207, 4, 527, 626, 122, 599, 295, 209, 493, 354, 404, 377, 528, 60, 148, 736, 305, 523, 98, 655, 535, 478, 367, 674, 628, 157, 300, 480, 483, 594, 231, 571, 693, 137, 641, 330, 366, 549, 380, 275, 102, 639, 204, 705, 556, 25, 194, 386, 15, 476, 398, 126, 501, 542, 684, 560, 350, 726, 289, 269, 47, 227, 632, 497, 596, 259, 494, 703, 739, 500, 538, 163, 222, 732, 503, 702, 606, 421, 216, 721, 417, 462, 612, 101, 687, 256, 382, 99, 456, 385, 310, 355, 299, 110, 258, 591, 282, 159, 331, 127, 40, 345, 82, 286, 383, 125, 416, 162, 744, 619, 344, 281, 395, 32, 200, 616, 360, 145, 621, 171, 484, 280, 129, 682, 673, 247, 109, 713, 19, 603, 123, 260, 196, 188, 7, 257, 388, 212, 698, 691, 595, 666, 614, 520, 134, 470, 508, 643, 701, 357, 727, 49, 686, 397, 428, 564, 399, 590, 611, 678, 699, 622, 177, 586, 112, 153, 361, 278, 57, 228, 683, 322, 215, 672, 581, 50, 610, 517, 43, 737, 230, 150, 408, 203, 584, 152, 236, 465, 443, 86, 376, 293, 491, 234, 6, 296, 667, 387, 20, 555, 21, 547, 685, 121, 268, 133, 338, 471, 30, 341, 392, 430, 598, 580, 660, 9, 63, 669, 411, 627, 95, 676, 202, 704, 232, 186, 166, 420, 292, 198, 436, 179, 640, 39, 473, 321, 167, 475, 486, 225, 262, 422, 66, 168, 197, 26, 654, 735, 176, 304, 466, 340, 221, 59, 175, 113, 73, 189, 3, 738, 559, 51, 320, 634, 141, 625, 583, 156, 446, 424, 81, 623, 680, 349, 651, 407, 337, 288, 426, 261, 578, 363, 601, 248, 412, 552, 184, 749, 504, 272, 748, 659, 402, 400, 573, 437, 605, 593, 351, 588, 144, 174, 245, 96, 14, 93, 273, 405, 83, 637, 114, 118, 418, 663, 496, 89, 498, 8, 131, 597, 263, 55, 716, 372, 324, 488, 290, 492, 525, 161, 694, 23, 353, 182, 329, 253, 149, 464, 115, 499, 516, 533, 339, 688, 608, 80, 46, 265, 706, 70, 313, 733, 218, 35, 482, 210, 309, 58, 17, 169, 512, 531, 138, 656, 139, 419, 692, 575, 613, 722, 441, 646, 423, 303, 255, 100, 468, 710, 711, 264, 458, 219, 323, 68, 745, 467, 485, 119, 409, 452, 27, 187, 567, 644, 170, 396, 130, 707, 389, 279, 193, 633, 720, 97, 226, 728, 401, 146, 91, 442, 79, 343, 675, 620, 117, 472, 64, 695, 490, 731, 577, 92, 18, 65, 479, 375, 537, 629, 539, 358, 128, 108, 474, 724, 124, 77, 444, 84, 214, 271, 481, 645, 379, 158, 534, 507, 306, 429, 717, 524, 585, 453, 427, 602, 741, 308, 71, 708, 160, 551, 730, 334, 285, 690, 381, 513, 718, 495, 521, 249, 635, 11, 638, 574, 111, 67, 270, 743, 336, 316, 536, 460, 319, 348, 233, 298, 723, 311, 393, 592, 477, 543, 165, 180, 681, 88, 16, 154, 451, 239, 445, 449, 649, 662, 48, 489, 670, 140, 668, 609, 107, 155, 75, 10, 433, 448, 415, 132, 250, 689, 213, 740, 579, 87, 191, 318, 143, 647, 447, 315, 244, 5, 235, 238, 135, 151, 69, 147]"
"44","164.42177867889404","133613.984375","135103.28871268657","[0, 41, 665, 33, 374, 569, 435, 211, 373, 652, 229, 719, 696, 217, 371, 729, 199, 554, 347, 56, 600, 526, 237, 44, 712, 106, 631, 700, 195, 439, 734, 78, 434, 378, 72, 677, 76, 570, 314, 181, 333, 636, 24, 61, 243, 223, 190, 709, 406, 390, 509, 251, 38, 335, 587, 220, 522, 653, 368, 545, 582, 45, 747, 715, 240, 661, 13, 62, 284, 403, 136, 529, 450, 205, 566, 172, 246, 185, 267, 455, 519, 617, 679, 461, 544, 28, 1, 457, 618, 241, 384, 307, 287, 514, 530, 553, 558, 742, 671, 332, 615, 206, 604, 22, 85, 658, 630, 53, 31, 52, 562, 178, 356, 208, 568, 532, 254, 714, 120, 565, 201, 589, 394, 29, 274, 463, 326, 142, 563, 327, 302, 410, 557, 291, 518, 12, 391, 276, 266, 54, 297, 242, 283, 36, 103, 34, 365, 657, 414, 90, 607, 650, 510, 506, 224, 362, 505, 312, 697, 346, 624, 173, 561, 301, 342, 74, 370, 576, 572, 328, 105, 413, 469, 642, 277, 541, 164, 540, 364, 104, 37, 183, 459, 440, 317, 550, 546, 252, 431, 725, 648, 746, 511, 42, 487, 294, 515, 369, 352, 192, 548, 94, 664, 325, 116, 454, 2, 359, 502, 432, 438, 425, 207, 4, 527, 626, 122, 599, 295, 209, 493, 354, 404, 377, 528, 60, 148, 736, 305, 523, 98, 655, 535, 478, 367, 674, 628, 157, 300, 480, 483, 594, 231, 571, 693, 137, 641, 330, 366, 549, 380, 275, 102, 639, 204, 705, 556, 25, 194, 386, 15, 476, 398, 126, 501, 542, 684, 560, 350, 726, 289, 269, 47, 227, 632, 497, 596, 259, 494, 703, 739, 500, 538, 163, 222, 732, 503, 702, 606, 421, 216, 721, 417, 462, 612, 101, 687, 256, 382, 99, 456, 385, 310, 355, 299, 110, 258, 591, 282, 159, 331, 127, 40, 345, 82, 286, 383, 125, 416, 162, 744, 619, 344, 281, 395, 32, 200, 616, 360, 145, 621, 171, 484, 280, 129, 682, 673, 247, 109, 713, 19, 603, 123, 260, 196, 188, 7, 257, 388, 212, 698, 691, 595, 666, 614, 520, 134, 470, 508, 643, 701, 357, 727, 49, 686, 397, 428, 564, 399, 590, 611, 678, 699, 622, 177, 586, 112, 153, 361, 278, 57, 228, 683, 322, 215, 672, 581, 50, 610, 517, 43, 737, 230, 150, 408, 203, 584, 152, 236, 465, 443, 86, 376, 293, 491, 234, 6, 296, 667, 387, 20, 555, 21, 547, 685, 121, 268, 133, 338, 471, 30, 341, 392, 430, 598, 580, 660, 9, 63, 669, 411, 627, 95, 676, 202, 704, 232, 186, 166, 420, 292, 198, 436, 179, 640, 39, 473, 321, 167, 475, 486, 225, 262, 422, 66, 168, 197, 26, 654, 735, 176, 304, 466, 340, 221, 59, 175, 113, 73, 189, 3, 738, 559, 51, 320, 634, 141, 625, 583, 156, 446, 424, 81, 623, 680, 349, 651, 407, 337, 288, 426, 261, 578, 363, 601, 248, 412, 552, 184, 749, 504, 272, 748, 659, 402, 400, 573, 437, 605, 593, 351, 588, 144, 174, 245, 96, 14, 93, 273, 405, 83, 637, 114, 118, 418, 663, 496, 89, 498, 8, 131, 597, 263, 55, 716, 372, 324, 488, 290, 492, 525, 161, 694, 23, 353, 182, 329, 253, 149, 464, 115, 499, 516, 533, 339, 688, 608, 80, 46, 265, 706, 70, 313, 733, 218, 35, 482, 210, 309, 58, 17, 169, 512, 531, 138, 656, 139, 419, 692, 575, 613, 722, 441, 646, 423, 303, 255, 100, 468, 710, 711, 264, 458, 219, 323, 68, 745, 467, 485, 119, 409, 452, 27, 187, 567, 644, 170, 396, 130, 707, 389, 279, 193, 633, 720, 97, 226, 728, 401, 146, 91, 442, 79, 343, 675, 620, 117, 472, 64, 695, 490, 731, 577, 92, 18, 65, 479, 375, 537, 629, 539, 358, 128, 108, 474, 724, 124, 77, 444, 84, 214, 271, 481, 645, 379, 158, 534, 507, 306, 429, 717, 524, 585, 453, 427, 602, 741, 308, 71, 708, 160, 551, 730, 334, 285, 690, 381, 513, 718, 495, 521, 249, 635, 11, 638, 574, 111, 67, 270, 743, 336, 316, 536, 460, 319, 348, 233, 298, 723, 311, 393, 592, 477, 543, 165, 180, 681, 88, 16, 154, 451, 239, 445, 449, 649, 662, 48, 489, 670, 140, 668, 609, 107, 155, 75, 10, 433, 448, 415, 132, 250, 689, 213, 740, 579, 87, 191, 318, 143, 647, 447, 315, 244, 5, 235, 238, 135, 151, 69, 147]"
"45","168.22799515724182","133591.703125","135057.20203669154","[0, 41, 665, 33, 374, 569, 435, 211, 373, 652, 229, 719, 696, 217, 371, 729, 199, 554, 347, 56, 600, 526, 237, 44, 712, 106, 631, 700, 195, 439, 734, 78, 434, 378, 72, 677, 76, 570, 314, 181, 333, 636, 24, 61, 243, 223, 190, 709, 406, 390, 509, 251, 38, 335, 587, 220, 522, 653, 368, 545, 582, 45, 747, 715, 240, 661, 13, 62, 284, 403, 136, 529, 450, 205, 566, 172, 246, 185, 267, 455, 519, 617, 679, 461, 544, 28, 1, 457, 618, 241, 384, 307, 287, 514, 530, 553, 558, 742, 671, 332, 615, 206, 604, 22, 85, 658, 630, 53, 31, 52, 562, 178, 356, 208, 568, 532, 254, 714, 120, 565, 201, 589, 394, 29, 274, 463, 326, 142, 563, 327, 302, 410, 557, 291, 518, 12, 391, 276, 266, 54, 297, 242, 283, 36, 103, 34, 365, 657, 414, 90, 607, 650, 510, 506, 224, 362, 505, 312, 697, 346, 624, 173, 561, 301, 342, 74, 370, 576, 572, 328, 105, 413, 469, 642, 277, 541, 164, 540, 364, 104, 37, 183, 459, 440, 317, 550, 546, 252, 431, 725, 648, 746, 511, 42, 487, 294, 515, 369, 352, 192, 548, 94, 664, 325, 116, 454, 2, 359, 502, 432, 438, 425, 207, 4, 527, 626, 122, 599, 295, 209, 493, 354, 404, 377, 528, 60, 148, 736, 305, 523, 98, 655, 535, 478, 367, 674, 628, 157, 300, 480, 483, 594, 231, 571, 693, 137, 641, 330, 366, 549, 380, 275, 102, 639, 204, 705, 556, 25, 194, 386, 15, 476, 398, 126, 501, 542, 684, 560, 350, 726, 289, 269, 47, 227, 632, 497, 596, 259, 494, 703, 739, 500, 538, 163, 222, 732, 503, 702, 606, 421, 216, 721, 417, 462, 612, 101, 687, 256, 382, 99, 456, 385, 310, 355, 299, 110, 258, 591, 282, 159, 331, 127, 40, 345, 82, 286, 383, 125, 416, 162, 744, 619, 344, 281, 395, 32, 200, 616, 360, 145, 621, 171, 484, 280, 129, 682, 673, 247, 109, 713, 19, 603, 123, 260, 196, 188, 7, 257, 388, 212, 614, 698, 595, 666, 691, 520, 134, 470, 508, 643, 701, 357, 727, 49, 686, 397, 428, 564, 399, 590, 611, 678, 699, 622, 177, 586, 112, 153, 361, 278, 57, 228, 683, 322, 215, 672, 581, 50, 610, 517, 43, 737, 230, 150, 408, 203, 584, 152, 236, 465, 443, 86, 376, 293, 491, 234, 6, 296, 667, 387, 20, 555, 21, 547, 685, 121, 268, 133, 338, 471, 30, 341, 392, 430, 598, 580, 660, 9, 63, 669, 411, 627, 95, 676, 202, 704, 232, 186, 166, 420, 292, 198, 436, 179, 640, 39, 473, 321, 167, 475, 486, 225, 262, 422, 66, 168, 197, 26, 654, 735, 176, 304, 466, 340, 221, 59, 175, 113, 73, 189, 3, 738, 559, 51, 320, 634, 141, 625, 583, 156, 446, 424, 81, 623, 680, 349, 651, 407, 337, 288, 426, 261, 578, 363, 601, 248, 412, 552, 184, 749, 504, 272, 748, 659, 402, 400, 573, 437, 605, 593, 351, 588, 144, 174, 245, 96, 14, 93, 273, 405, 83, 637, 114, 118, 418, 663, 496, 89, 498, 8, 131, 597, 263, 55, 716, 372, 324, 488, 290, 492, 525, 161, 694, 23, 353, 182, 329, 253, 149, 464, 115, 499, 516, 533, 339, 688, 608, 80, 46, 265, 706, 70, 313, 733, 218, 35, 482, 210, 309, 58, 17, 169, 512, 531, 138, 656, 139, 419, 692, 575, 613, 722, 441, 646, 423, 303, 255, 100, 468, 710, 711, 264, 458, 219, 323, 68, 745, 467, 485, 119, 409, 452, 27, 187, 567, 644, 170, 396, 130, 707, 389, 279, 193, 633, 720, 97, 226, 728, 401, 146, 91, 442, 79, 343, 675, 620, 117, 472, 64, 695, 490, 731, 577, 92, 18, 65, 479, 375, 537, 629, 539, 358, 128, 108, 474, 724, 124, 77, 444, 84, 214, 271, 481, 645, 379, 158, 534, 507, 306, 429, 717, 524, 585, 453, 427, 602, 741, 308, 71, 708, 160, 551, 730, 334, 285, 690, 381, 513, 718, 495, 521, 249, 635, 11, 638, 574, 111, 67, 270, 743, 336, 316, 536, 460, 319, 348, 233, 298, 723, 311, 393, 592, 477, 543, 165, 180, 681, 88, 16, 154, 451, 239, 445, 449, 649, 662, 48, 489, 670, 140, 668, 609, 107, 155, 75, 10, 433, 448, 415, 132, 250, 689, 213, 740, 579, 87, 191, 318, 143, 647, 447, 315, 244, 5, 235, 238, 135, 151, 69, 147]"
"46","172.03832578659058","133591.703125","134989.16277985074","[0, 41, 665, 33, 374, 569, 435, 211, 373, 652, 229, 719, 696, 217, 371, 729, 199, 554, 347, 56, 600, 526, 237, 44, 712, 106, 631, 700, 195, 439, 734, 78, 434, 378, 72, 677, 76, 570, 314, 181, 333, 636, 24, 61, 243, 223, 190, 709, 406, 390, 509, 251, 38, 335, 587, 220, 522, 653, 368, 545, 582, 45, 747, 715, 240, 661, 13, 62, 284, 403, 136, 529, 450, 205, 566, 172, 246, 185, 267, 455, 519, 617, 679, 461, 544, 28, 1, 457, 618, 241, 384, 307, 287, 514, 530, 553, 558, 742, 671, 332, 615, 206, 604, 22, 85, 658, 630, 53, 31, 52, 562, 178, 356, 208, 568, 532, 254, 714, 120, 565, 201, 589, 394, 29, 274, 463, 326, 142, 563, 327, 302, 410, 557, 291, 518, 12, 391, 276, 266, 54, 297, 242, 283, 36, 103, 34, 365, 657, 414, 90, 607, 650, 510, 506, 224, 362, 505, 312, 697, 346, 624, 173, 561, 301, 342, 74, 370, 576, 572, 328, 105, 413, 469, 642, 277, 541, 164, 540, 364, 104, 37, 183, 459, 440, 317, 550, 546, 252, 431, 725, 648, 746, 511, 42, 487, 294, 515, 369, 352, 192, 548, 94, 664, 325, 116, 454, 2, 359, 502, 432, 438, 425, 207, 4, 527, 626, 122, 599, 295, 209, 493, 354, 404, 377, 528, 60, 148, 736, 305, 523, 98, 655, 535, 478, 367, 674, 628, 157, 300, 480, 483, 594, 231, 571, 693, 137, 641, 330, 366, 549, 380, 275, 102, 639, 204, 705, 556, 25, 194, 386, 15, 476, 398, 126, 501, 542, 684, 560, 350, 726, 289, 269, 47, 227, 632, 497, 596, 259, 494, 703, 739, 500, 538, 163, 222, 732, 503, 702, 606, 421, 216, 721, 417, 462, 612, 101, 687, 256, 382, 99, 456, 385, 310, 355, 299, 110, 258, 591, 282, 159, 331, 127, 40, 345, 82, 286, 383, 125, 416, 162, 744, 619, 344, 281, 395, 32, 200, 616, 360, 145, 621, 171, 484, 280, 129, 682, 673, 247, 109, 713, 19, 603, 123, 260, 196, 188, 7, 257, 388, 212, 614, 698, 595, 666, 691, 520, 134, 470, 508, 643, 701, 357, 727, 49, 686, 397, 428, 564, 399, 590, 611, 678, 699, 622, 177, 586, 112, 153, 361, 278, 57, 228, 683, 322, 215, 672, 581, 50, 610, 517, 43, 737, 230, 150, 408, 203, 584, 152, 236, 465, 443, 86, 376, 293, 491, 234, 6, 296, 667, 387, 20, 555, 21, 547, 685, 121, 268, 133, 338, 471, 30, 341, 392, 430, 598, 580, 660, 9, 63, 669, 411, 627, 95, 676, 202, 704, 232, 186, 166, 420, 292, 198, 436, 179, 640, 39, 473, 321, 167, 475, 486, 225, 262, 422, 66, 168, 197, 26, 654, 735, 176, 304, 466, 340, 221, 59, 175, 113, 73, 189, 3, 738, 559, 51, 320, 634, 141, 625, 583, 156, 446, 424, 81, 623, 680, 349, 651, 407, 337, 288, 426, 261, 578, 363, 601, 248, 412, 552, 184, 749, 504, 272, 748, 659, 402, 400, 573, 437, 605, 593, 351, 588, 144, 174, 245, 96, 14, 93, 273, 405, 83, 637, 114, 118, 418, 663, 496, 89, 498, 8, 131, 597, 263, 55, 716, 372, 324, 488, 290, 492, 525, 161, 694, 23, 353, 182, 329, 253, 149, 464, 115, 499, 516, 533, 339, 688, 608, 80, 46, 265, 706, 70, 313, 733, 218, 35, 482, 210, 309, 58, 17, 169, 512, 531, 138, 656, 139, 419, 692, 575, 613, 722, 441, 646, 423, 303, 255, 100, 468, 710, 711, 264, 458, 219, 323, 68, 745, 467, 485, 119, 409, 452, 27, 187, 567, 644, 170, 396, 130, 707, 389, 279, 193, 633, 720, 97, 226, 728, 401, 146, 91, 442, 79, 343, 675, 620, 117, 472, 64, 695, 490, 731, 577, 92, 18, 65, 479, 375, 537, 629, 539, 358, 128, 108, 474, 724, 124, 77, 444, 84, 214, 271, 481, 645, 379, 158, 534, 507, 306, 429, 717, 524, 585, 453, 427, 602, 741, 308, 71, 708, 160, 551, 730, 334, 285, 690, 381, 513, 718, 495, 521, 249, 635, 11, 638, 574, 111, 67, 270, 743, 336, 316, 536, 460, 319, 348, 233, 298, 723, 311, 393, 592, 477, 543, 165, 180, 681, 88, 16, 154, 451, 239, 445, 449, 649, 662, 48, 489, 670, 140, 668, 609, 107, 155, 75, 10, 433, 448, 415, 132, 250, 689, 213, 740, 579, 87, 191, 318, 143, 647, 447, 315, 244, 5, 235, 238, 135, 151, 69, 147]"
"47","175.84688019752502","133537.484375","134956.20724502488","[0, 41, 665, 33, 374, 569, 435, 211, 373, 652, 229, 719, 696, 217, 371, 729, 199, 554, 347, 56, 600, 526, 237, 44, 712, 106, 631, 700, 195, 439, 734, 78, 434, 378, 72, 677, 76, 570, 314, 181, 333, 636, 24, 61, 243, 223, 190, 709, 406, 390, 509, 251, 38, 335, 587, 220, 522, 653, 368, 545, 582, 45, 747, 715, 240, 661, 13, 62, 284, 403, 136, 529, 450, 205, 566, 172, 246, 185, 267, 455, 519, 617, 679, 461, 544, 28, 1, 457, 618, 241, 384, 307, 287, 514, 530, 553, 558, 742, 671, 332, 615, 206, 604, 22, 85, 658, 630, 53, 31, 52, 562, 178, 356, 208, 568, 532, 254, 714, 120, 565, 201, 589, 394, 29, 274, 463, 326, 142, 563, 327, 302, 410, 557, 291, 518, 12, 391, 276, 266, 54, 297, 242, 283, 36, 103, 34, 365, 657, 414, 90, 607, 650, 510, 506, 224, 362, 505, 312, 697, 346, 624, 173, 561, 301, 342, 74, 370, 576, 572, 328, 105, 413, 469, 642, 277, 541, 164, 540, 364, 104, 37, 183, 440, 459, 317, 550, 546, 252, 431, 725, 648, 746, 511, 42, 487, 294, 515, 369, 352, 192, 548, 94, 664, 325, 116, 454, 2, 359, 502, 432, 438, 425, 207, 4, 527, 626, 122, 599, 295, 209, 493, 354, 404, 377, 528, 60, 148, 736, 305, 523, 98, 655, 535, 478, 367, 674, 628, 157, 300, 480, 483, 594, 231, 571, 693, 137, 641, 330, 366, 549, 380, 275, 102, 639, 204, 705, 556, 25, 194, 386, 15, 476, 398, 126, 501, 542, 684, 560, 350, 726, 289, 269, 47, 227, 632, 497, 596, 259, 494, 703, 739, 500, 538, 163, 222, 732, 503, 702, 606, 421, 216, 721, 417, 462, 612, 101, 687, 256, 382, 99, 456, 385, 310, 355, 299, 110, 258, 591, 282, 159, 331, 127, 40, 345, 82, 286, 383, 125, 416, 162, 744, 619, 344, 281, 395, 32, 200, 616, 360, 145, 621, 171, 484, 280, 129, 682, 673, 247, 109, 713, 19, 603, 123, 260, 196, 188, 7, 257, 388, 212, 614, 698, 595, 666, 691, 520, 134, 470, 508, 643, 701, 357, 727, 49, 686, 397, 428, 564, 399, 590, 611, 678, 699, 622, 177, 586, 112, 153, 361, 278, 57, 228, 683, 322, 215, 672, 581, 50, 610, 517, 43, 737, 230, 150, 408, 203, 584, 152, 236, 465, 443, 86, 376, 293, 491, 234, 6, 296, 667, 387, 20, 555, 21, 547, 685, 121, 268, 133, 338, 471, 30, 341, 392, 430, 598, 580, 660, 9, 63, 669, 411, 627, 95, 676, 202, 704, 232, 186, 166, 420, 292, 198, 436, 179, 640, 39, 473, 321, 167, 475, 486, 225, 262, 422, 66, 168, 197, 26, 654, 735, 176, 304, 466, 340, 221, 59, 175, 113, 73, 189, 3, 738, 559, 51, 320, 634, 141, 625, 583, 156, 446, 424, 81, 623, 680, 349, 651, 407, 337, 288, 426, 261, 578, 363, 601, 248, 412, 552, 184, 749, 504, 272, 748, 659, 402, 400, 573, 437, 605, 593, 351, 588, 144, 174, 245, 96, 14, 93, 273, 405, 83, 637, 114, 118, 418, 663, 496, 89, 498, 8, 131, 597, 263, 55, 716, 372, 324, 488, 290, 492, 525, 161, 694, 23, 353, 182, 329, 253, 149, 464, 115, 499, 516, 533, 339, 688, 608, 80, 46, 265, 706, 70, 313, 733, 218, 35, 482, 210, 309, 58, 17, 169, 512, 531, 138, 656, 139, 419, 692, 575, 613, 722, 441, 646, 423, 303, 255, 100, 468, 710, 711, 264, 458, 219, 323, 68, 745, 467, 485, 119, 409, 452, 27, 187, 567, 644, 170, 396, 130, 707, 389, 279, 193, 633, 720, 97, 226, 728, 401, 146, 91, 442, 79, 343, 675, 620, 117, 472, 64, 695, 490, 731, 577, 92, 18, 65, 479, 375, 537, 629, 539, 358, 128, 108, 474, 724, 124, 77, 444, 84, 214, 271, 481, 645, 379, 158, 534, 507, 306, 429, 717, 524, 585, 453, 427, 602, 741, 308, 71, 708, 160, 551, 730, 334, 285, 690, 381, 513, 718, 495, 521, 249, 635, 11, 638, 574, 111, 67, 270, 743, 336, 316, 536, 460, 319, 348, 233, 298, 723, 311, 393, 592, 477, 543, 165, 180, 681, 88, 16, 154, 451, 239, 445, 449, 649, 662, 48, 489, 670, 140, 668, 609, 107, 155, 75, 10, 433, 448, 415, 132, 250, 689, 213, 740, 579, 87, 191, 318, 143, 647, 447, 315, 244, 5, 235, 238, 135, 151, 69, 147]"
"48","179.65869140625","133328.046875","134905.87321206467","[0, 41, 665, 33, 374, 569, 435, 211, 373, 652, 229, 719, 696, 217, 371, 729, 199, 554, 347, 56, 600, 526, 237, 44, 712, 106, 631, 700, 195, 439, 734, 78, 434, 378, 72, 677, 76, 570, 314, 181, 333, 636, 24, 61, 243, 223, 190, 709, 406, 390, 509, 251, 38, 335, 587, 220, 522, 653, 368, 545, 582, 45, 747, 715, 240, 661, 13, 62, 284, 403, 136, 529, 450, 205, 566, 172, 246, 185, 267, 455, 519, 617, 679, 461, 544, 28, 1, 457, 618, 241, 384, 307, 287, 514, 530, 553, 558, 742, 671, 332, 615, 206, 604, 22, 85, 658, 630, 53, 31, 52, 562, 178, 356, 208, 568, 532, 254, 714, 120, 565, 201, 589, 394, 29, 274, 463, 326, 142, 563, 327, 302, 410, 557, 291, 518, 12, 391, 276, 266, 54, 297, 242, 283, 36, 103, 34, 365, 657, 414, 90, 607, 650, 510, 506, 224, 362, 505, 312, 697, 346, 624, 173, 561, 301, 342, 74, 370, 576, 572, 328, 105, 413, 469, 642, 277, 541, 164, 540, 364, 104, 37, 183, 459, 440, 317, 550, 546, 252, 431, 725, 648, 746, 511, 42, 487, 294, 515, 369, 352, 192, 548, 94, 664, 325, 116, 454, 2, 359, 502, 432, 438, 425, 207, 4, 527, 626, 122, 599, 295, 209, 493, 354, 404, 377, 528, 60, 148, 736, 305, 523, 98, 655, 535, 478, 367, 674, 628, 157, 300, 480, 483, 594, 231, 571, 693, 137, 641, 330, 366, 549, 380, 275, 102, 639, 204, 705, 556, 25, 194, 386, 15, 476, 398, 126, 501, 542, 684, 560, 350, 726, 289, 269, 47, 227, 632, 497, 596, 259, 494, 703, 739, 500, 538, 163, 222, 732, 503, 702, 606, 421, 216, 721, 417, 462, 612, 101, 687, 256, 382, 99, 456, 385, 310, 355, 299, 110, 258, 591, 282, 159, 331, 127, 40, 345, 82, 286, 383, 125, 416, 162, 744, 619, 344, 281, 395, 32, 200, 616, 360, 145, 621, 171, 484, 280, 129, 682, 673, 247, 109, 713, 19, 196, 188, 260, 603, 123, 7, 257, 388, 212, 614, 698, 595, 666, 691, 520, 134, 470, 508, 643, 701, 357, 727, 49, 686, 397, 428, 564, 399, 590, 611, 678, 699, 622, 177, 586, 112, 153, 361, 278, 57, 228, 683, 322, 215, 672, 581, 50, 610, 517, 43, 737, 230, 150, 408, 203, 584, 152, 236, 465, 443, 86, 376, 293, 491, 234, 6, 296, 667, 387, 20, 555, 21, 547, 685, 121, 268, 133, 338, 471, 30, 341, 392, 430, 598, 580, 660, 9, 63, 669, 411, 627, 95, 676, 202, 704, 232, 186, 166, 420, 292, 198, 436, 179, 640, 39, 473, 321, 167, 475, 486, 225, 262, 422, 66, 168, 197, 26, 654, 735, 176, 304, 466, 340, 221, 59, 175, 113, 73, 189, 3, 738, 559, 51, 320, 634, 141, 625, 583, 156, 446, 424, 81, 623, 680, 349, 651, 407, 337, 288, 426, 261, 578, 363, 601, 248, 412, 552, 184, 749, 504, 272, 748, 659, 402, 400, 573, 437, 605, 593, 351, 588, 144, 174, 245, 96, 14, 93, 273, 405, 83, 637, 114, 118, 418, 663, 496, 89, 498, 8, 131, 597, 263, 55, 716, 372, 324, 488, 290, 492, 525, 161, 694, 23, 353, 182, 329, 253, 149, 464, 115, 499, 516, 533, 339, 688, 608, 80, 46, 265, 706, 70, 313, 733, 218, 35, 482, 210, 309, 58, 17, 169, 512, 531, 138, 656, 139, 419, 692, 575, 613, 722, 441, 646, 423, 303, 255, 100, 468, 710, 711, 264, 458, 219, 323, 68, 745, 467, 485, 119, 409, 452, 27, 187, 567, 644, 170, 396, 130, 707, 389, 279, 193, 633, 720, 97, 226, 728, 401, 146, 91, 442, 79, 343, 675, 620, 117, 472, 64, 695, 490, 731, 577, 92, 18, 65, 479, 375, 537, 629, 539, 358, 128, 108, 474, 724, 124, 77, 444, 84, 214, 271, 481, 645, 379, 158, 534, 507, 306, 429, 717, 524, 585, 453, 427, 602, 741, 308, 71, 708, 160, 551, 730, 334, 285, 690, 381, 513, 718, 495, 521, 249, 635, 11, 638, 574, 111, 67, 270, 743, 336, 316, 536, 460, 319, 348, 233, 298, 723, 311, 393, 592, 477, 543, 165, 180, 681, 88, 16, 154, 451, 239, 445, 449, 649, 662, 48, 489, 670, 140, 668, 609, 107, 155, 75, 10, 433, 448, 415, 132, 250, 689, 213, 740, 579, 87, 191, 318, 143, 647, 447, 315, 244, 5, 235, 238, 135, 151, 69, 147]"
"49","183.4614794254303","133273.84375","134808.67506218905","[0, 41, 665, 33, 374, 569, 435, 211, 373, 652, 229, 719, 696, 217, 371, 729, 199, 554, 347, 56, 600, 526, 237, 44, 712, 106, 631, 700, 195, 439, 734, 78, 434, 378, 72, 677, 76, 570, 314, 181, 333, 636, 24, 61, 243, 223, 190, 709, 406, 390, 509, 251, 38, 335, 587, 220, 522, 653, 368, 545, 582, 45, 747, 715, 240, 661, 13, 62, 284, 403, 136, 529, 450, 205, 566, 172, 246, 185, 267, 455, 519, 617, 679, 461, 544, 28, 1, 457, 618, 241, 384, 307, 287, 514, 530, 553, 558, 742, 671, 332, 615, 206, 604, 22, 85, 658, 630, 53, 31, 52, 562, 178, 356, 208, 568, 532, 254, 714, 120, 565, 201, 589, 394, 29, 274, 463, 326, 142, 563, 327, 302, 410, 557, 291, 518, 12, 391, 276, 266, 54, 297, 242, 283, 36, 103, 34, 365, 657, 414, 90, 607, 650, 510, 506, 224, 362, 505, 312, 697, 346, 624, 173, 561, 301, 342, 74, 370, 576, 572, 328, 105, 413, 469, 642, 277, 541, 164, 540, 364, 104, 37, 183, 440, 459, 317, 550, 546, 252, 431, 725, 648, 746, 511, 42, 487, 294, 515, 369, 352, 192, 548, 94, 664, 325, 116, 454, 2, 359, 502, 432, 438, 425, 207, 4, 527, 626, 122, 599, 295, 209, 493, 354, 404, 377, 528, 60, 148, 736, 305, 523, 98, 655, 535, 478, 367, 674, 628, 157, 300, 480, 483, 594, 231, 571, 693, 137, 641, 330, 366, 549, 380, 275, 102, 639, 204, 705, 556, 25, 194, 386, 15, 476, 398, 126, 501, 542, 684, 560, 350, 726, 289, 269, 47, 227, 632, 497, 596, 259, 494, 703, 739, 500, 538, 163, 222, 732, 503, 702, 606, 421, 216, 721, 417, 462, 612, 101, 687, 256, 382, 99, 456, 385, 310, 355, 299, 110, 258, 591, 282, 159, 331, 127, 40, 345, 82, 286, 383, 125, 416, 162, 744, 619, 344, 281, 395, 32, 200, 616, 360, 145, 621, 171, 484, 280, 129, 682, 673, 247, 109, 713, 19, 196, 188, 260, 603, 123, 7, 257, 388, 212, 614, 698, 595, 666, 691, 520, 134, 470, 508, 643, 701, 357, 727, 49, 686, 397, 428, 564, 399, 590, 611, 678, 699, 622, 177, 586, 112, 153, 361, 278, 57, 228, 683, 322, 215, 672, 581, 50, 610, 517, 43, 737, 230, 150, 408, 203, 584, 152, 236, 465, 443, 86, 376, 293, 491, 234, 6, 296, 667, 387, 20, 555, 21, 547, 685, 121, 268, 133, 338, 471, 30, 341, 392, 430, 598, 580, 660, 9, 63, 669, 411, 627, 95, 676, 202, 704, 232, 186, 166, 420, 292, 198, 436, 179, 640, 39, 473, 321, 167, 475, 486, 225, 262, 422, 66, 168, 197, 26, 654, 735, 176, 304, 466, 340, 221, 59, 175, 113, 73, 189, 3, 738, 559, 51, 320, 634, 141, 625, 583, 156, 446, 424, 81, 623, 680, 349, 651, 407, 337, 288, 426, 261, 578, 363, 601, 248, 412, 552, 184, 749, 504, 272, 748, 659, 402, 400, 573, 437, 605, 593, 351, 588, 144, 174, 245, 96, 14, 93, 273, 405, 83, 637, 114, 118, 418, 663, 496, 89, 498, 8, 131, 597, 263, 55, 716, 372, 324, 488, 290, 492, 525, 161, 694, 23, 353, 182, 329, 253, 149, 464, 115, 499, 516, 533, 339, 688, 608, 80, 46, 265, 706, 70, 313, 733, 218, 35, 482, 210, 309, 58, 17, 169, 512, 531, 138, 656, 139, 419, 692, 575, 613, 722, 441, 646, 423, 303, 255, 100, 468, 710, 711, 264, 458, 219, 323, 68, 745, 467, 485, 119, 409, 452, 27, 187, 567, 644, 170, 396, 130, 707, 389, 279, 193, 633, 720, 97, 226, 728, 401, 146, 91, 442, 79, 343, 675, 620, 117, 472, 64, 695, 490, 731, 577, 92, 18, 65, 479, 375, 537, 629, 539, 358, 128, 108, 474, 724, 124, 77, 444, 84, 214, 271, 481, 645, 379, 158, 534, 507, 306, 429, 717, 524, 585, 453, 427, 602, 741, 308, 71, 708, 160, 551, 730, 334, 285, 690, 381, 513, 718, 495, 521, 249, 635, 11, 638, 574, 111, 67, 270, 743, 336, 316, 536, 460, 319, 348, 233, 298, 723, 311, 393, 592, 477, 543, 165, 180, 681, 88, 16, 154, 451, 239, 445, 449, 649, 662, 48, 489, 670, 140, 668, 609, 107, 155, 75, 10, 433, 448, 415, 132, 250, 689, 213, 740, 579, 87, 191, 318, 143, 647, 447, 315, 244, 5, 235, 238, 135, 151, 69, 147]"
"50","187.2714865207672","133273.375","134642.11753731343","[0, 41, 665, 33, 374, 569, 435, 211, 373, 652, 229, 719, 696, 217, 371, 729, 199, 554, 347, 56, 600, 526, 237, 44, 712, 106, 631, 700, 195, 439, 734, 78, 434, 378, 72, 677, 76, 570, 314, 181, 333, 636, 24, 61, 243, 223, 190, 709, 406, 390, 509, 251, 38, 335, 587, 220, 522, 653, 368, 545, 582, 45, 747, 715, 240, 661, 13, 62, 284, 403, 136, 529, 450, 205, 566, 172, 246, 185, 267, 455, 519, 617, 679, 461, 544, 28, 1, 457, 618, 241, 384, 307, 287, 514, 530, 553, 558, 742, 671, 332, 615, 206, 604, 22, 85, 658, 630, 53, 31, 52, 562, 178, 356, 208, 568, 532, 254, 714, 120, 565, 201, 589, 394, 29, 274, 463, 326, 142, 563, 327, 302, 410, 557, 291, 518, 12, 391, 276, 266, 54, 297, 242, 283, 36, 103, 34, 365, 657, 414, 90, 607, 650, 510, 506, 224, 362, 505, 312, 697, 346, 624, 173, 561, 301, 342, 74, 370, 576, 572, 328, 105, 413, 469, 642, 277, 541, 164, 540, 364, 104, 37, 183, 440, 459, 317, 550, 546, 252, 431, 725, 648, 746, 511, 42, 487, 294, 515, 369, 352, 192, 548, 94, 664, 325, 116, 454, 2, 359, 502, 432, 438, 425, 207, 4, 527, 626, 122, 599, 295, 209, 493, 354, 404, 377, 528, 60, 148, 736, 305, 523, 98, 655, 535, 478, 367, 674, 628, 157, 300, 480, 483, 594, 231, 571, 693, 137, 641, 330, 366, 549, 380, 275, 102, 639, 204, 705, 556, 25, 194, 386, 15, 476, 398, 126, 501, 542, 684, 560, 350, 726, 289, 269, 47, 227, 632, 497, 596, 259, 494, 703, 739, 500, 538, 163, 222, 732, 503, 702, 606, 421, 216, 721, 417, 462, 612, 101, 687, 256, 382, 99, 456, 385, 310, 355, 299, 110, 258, 591, 282, 159, 331, 127, 40, 345, 82, 286, 383, 125, 416, 162, 744, 619, 344, 281, 395, 32, 200, 616, 360, 145, 621, 171, 484, 280, 129, 682, 673, 247, 109, 713, 19, 196, 188, 260, 603, 123, 7, 257, 388, 212, 614, 698, 595, 666, 691, 520, 134, 470, 508, 643, 701, 357, 727, 49, 686, 397, 428, 564, 399, 590, 611, 678, 699, 622, 177, 586, 112, 153, 361, 278, 57, 228, 683, 322, 215, 672, 581, 50, 610, 517, 43, 737, 230, 150, 408, 203, 584, 152, 236, 465, 443, 86, 376, 293, 491, 234, 6, 296, 667, 387, 20, 555, 21, 547, 685, 121, 268, 133, 338, 471, 30, 341, 392, 430, 598, 580, 660, 9, 63, 669, 411, 627, 95, 676, 202, 704, 232, 186, 166, 420, 292, 198, 436, 179, 640, 39, 473, 321, 167, 475, 486, 225, 262, 422, 66, 168, 197, 26, 654, 735, 176, 304, 466, 340, 221, 59, 175, 113, 73, 189, 3, 738, 559, 51, 320, 634, 141, 625, 583, 156, 446, 424, 81, 623, 680, 349, 651, 407, 337, 288, 426, 261, 578, 363, 601, 248, 412, 552, 184, 749, 504, 272, 748, 659, 402, 400, 573, 437, 605, 593, 351, 588, 144, 174, 245, 96, 14, 273, 93, 83, 637, 405, 114, 118, 418, 663, 496, 89, 498, 8, 131, 597, 263, 55, 716, 372, 324, 488, 290, 492, 525, 161, 694, 23, 353, 182, 329, 253, 149, 464, 115, 499, 516, 533, 339, 688, 608, 80, 46, 265, 706, 70, 313, 733, 218, 35, 482, 210, 309, 58, 17, 169, 512, 531, 138, 656, 139, 419, 692, 575, 613, 722, 441, 646, 423, 303, 255, 100, 468, 710, 711, 264, 458, 219, 323, 68, 745, 467, 485, 119, 409, 452, 27, 187, 567, 644, 170, 396, 130, 707, 389, 279, 193, 633, 720, 97, 226, 728, 401, 146, 91, 442, 79, 343, 675, 620, 117, 472, 64, 695, 490, 731, 577, 92, 18, 65, 479, 375, 537, 629, 539, 358, 128, 108, 474, 724, 124, 77, 444, 84, 214, 271, 481, 645, 379, 158, 534, 507, 306, 429, 717, 524, 585, 453, 427, 602, 741, 308, 71, 708, 160, 551, 730, 334, 285, 690, 381, 513, 718, 495, 521, 249, 635, 11, 638, 574, 111, 67, 270, 743, 336, 316, 536, 460, 319, 348, 233, 298, 723, 311, 393, 592, 477, 543, 165, 180, 681, 88, 16, 154, 451, 239, 445, 449, 649, 662, 48, 489, 670, 140, 668, 609, 107, 155, 75, 10, 433, 448, 415, 132, 250, 689, 213, 740, 579, 87, 191, 318, 143, 647, 447, 315, 244, 5, 235, 238, 135, 151, 69, 147]"
"51","191.08167457580566","133121.015625","134580.17203047263","[0, 41, 665, 33, 374, 569, 435, 211, 373, 652, 229, 719, 696, 217, 371, 729, 199, 554, 347, 56, 600, 526, 237, 44, 712, 106, 631, 700, 195, 439, 734, 78, 434, 378, 72, 677, 76, 570, 314, 181, 333, 636, 24, 61, 243, 223, 190, 709, 406, 390, 509, 251, 38, 335, 587, 220, 522, 653, 368, 545, 582, 45, 747, 715, 240, 661, 13, 62, 284, 403, 136, 529, 450, 205, 566, 172, 246, 185, 267, 455, 519, 617, 679, 461, 544, 28, 1, 457, 618, 241, 384, 307, 287, 514, 530, 553, 558, 742, 671, 332, 615, 206, 604, 22, 85, 658, 630, 53, 31, 52, 562, 178, 356, 208, 568, 532, 254, 714, 120, 565, 201, 589, 394, 29, 274, 463, 326, 142, 563, 327, 302, 410, 557, 291, 518, 12, 391, 276, 266, 54, 297, 242, 283, 36, 103, 34, 365, 657, 414, 90, 607, 650, 510, 506, 224, 362, 505, 312, 697, 346, 624, 173, 561, 301, 342, 74, 370, 576, 572, 328, 105, 413, 469, 642, 277, 541, 164, 540, 364, 104, 37, 183, 440, 459, 317, 550, 546, 252, 431, 725, 648, 746, 511, 42, 487, 294, 515, 369, 352, 192, 548, 94, 664, 325, 116, 454, 2, 359, 502, 432, 438, 425, 207, 4, 527, 626, 122, 599, 295, 209, 493, 354, 404, 377, 528, 60, 148, 736, 305, 523, 98, 655, 535, 478, 367, 674, 628, 157, 480, 483, 300, 137, 231, 693, 594, 571, 641, 330, 366, 549, 380, 275, 102, 639, 204, 705, 556, 25, 194, 386, 15, 476, 398, 126, 501, 542, 684, 560, 350, 726, 289, 269, 47, 227, 632, 497, 596, 259, 494, 703, 739, 500, 538, 163, 222, 732, 503, 702, 606, 421, 216, 721, 417, 462, 612, 101, 687, 256, 382, 99, 456, 385, 310, 355, 299, 110, 258, 591, 282, 159, 331, 127, 40, 345, 82, 286, 383, 125, 416, 162, 744, 619, 344, 281, 395, 32, 200, 616, 360, 145, 621, 171, 484, 280, 129, 682, 673, 247, 109, 713, 19, 196, 188, 260, 603, 123, 7, 257, 388, 212, 614, 698, 595, 666, 691, 520, 134, 470, 508, 643, 701, 357, 727, 49, 686, 397, 428, 564, 399, 590, 611, 678, 699, 622, 177, 586, 112, 153, 361, 278, 57, 228, 683, 322, 215, 672, 581, 50, 610, 517, 43, 737, 230, 150, 408, 203, 584, 152, 236, 465, 443, 86, 376, 293, 491, 234, 6, 296, 667, 387, 20, 555, 21, 547, 685, 121, 268, 133, 338, 471, 30, 341, 392, 430, 598, 580, 660, 9, 63, 669, 411, 627, 95, 676, 202, 704, 232, 186, 166, 420, 292, 198, 436, 179, 640, 39, 473, 321, 167, 475, 486, 225, 262, 422, 66, 168, 197, 26, 654, 735, 176, 304, 466, 340, 221, 59, 175, 113, 73, 189, 3, 738, 559, 51, 320, 634, 141, 625, 583, 156, 446, 424, 81, 623, 680, 349, 651, 407, 337, 288, 426, 261, 578, 363, 601, 248, 412, 552, 184, 749, 504, 272, 748, 659, 402, 400, 573, 437, 605, 593, 351, 588, 144, 174, 245, 96, 14, 93, 273, 405, 83, 637, 114, 118, 418, 663, 496, 89, 498, 8, 131, 597, 263, 55, 716, 372, 324, 488, 290, 492, 525, 161, 694, 23, 353, 182, 329, 253, 149, 464, 115, 499, 516, 533, 339, 688, 608, 80, 46, 265, 706, 70, 313, 733, 218, 35, 482, 210, 309, 58, 17, 169, 512, 531, 138, 656, 139, 419, 692, 575, 613, 722, 441, 646, 423, 303, 255, 100, 468, 710, 711, 264, 458, 219, 323, 68, 745, 467, 485, 119, 409, 452, 27, 187, 567, 644, 170, 396, 130, 707, 389, 279, 193, 633, 720, 97, 226, 728, 401, 146, 91, 442, 79, 343, 675, 620, 117, 472, 64, 695, 490, 731, 577, 92, 18, 65, 479, 375, 537, 629, 539, 358, 128, 108, 474, 724, 124, 77, 444, 84, 214, 271, 481, 645, 379, 158, 534, 507, 306, 429, 717, 524, 585, 453, 427, 602, 741, 308, 71, 708, 160, 551, 730, 334, 285, 690, 381, 513, 718, 495, 521, 249, 635, 11, 638, 574, 111, 67, 270, 743, 336, 316, 536, 460, 319, 348, 233, 298, 723, 311, 393, 592, 477, 543, 165, 180, 681, 88, 16, 154, 451, 239, 445, 449, 649, 662, 48, 489, 670, 140, 668, 609, 107, 155, 75, 10, 433, 448, 415, 132, 250, 689, 213, 740, 579, 87, 191, 318, 143, 647, 447, 315, 244, 5, 235, 238, 135, 151, 69, 147]"
"52","194.89039969444275","133120.546875","134551.6194807214","[0, 41, 665, 33, 374, 569, 435, 211, 373, 652, 229, 719, 696, 217, 371, 729, 199, 554, 347, 56, 600, 526, 237, 44, 712, 106, 631, 700, 195, 439, 734, 78, 434, 378, 72, 677, 76, 570, 314, 181, 333, 636, 24, 61, 243, 223, 190, 709, 406, 390, 509, 251, 38, 335, 587, 220, 522, 653, 368, 545, 582, 45, 747, 715, 240, 661, 13, 62, 284, 403, 136, 529, 450, 205, 566, 172, 246, 185, 267, 455, 519, 617, 679, 461, 544, 28, 1, 457, 618, 241, 384, 307, 287, 514, 530, 553, 558, 742, 671, 332, 615, 206, 604, 22, 85, 658, 630, 53, 31, 52, 562, 178, 356, 208, 568, 532, 254, 714, 120, 565, 201, 589, 394, 29, 274, 463, 326, 142, 563, 327, 302, 410, 557, 291, 518, 12, 391, 276, 266, 54, 297, 242, 283, 36, 103, 34, 365, 657, 414, 90, 607, 650, 510, 506, 224, 362, 505, 312, 697, 346, 624, 173, 561, 301, 342, 74, 370, 576, 572, 328, 105, 413, 469, 642, 277, 541, 164, 540, 364, 104, 37, 183, 440, 459, 317, 550, 546, 252, 431, 725, 648, 746, 511, 42, 487, 294, 515, 369, 352, 192, 548, 94, 664, 325, 116, 454, 2, 359, 502, 432, 438, 425, 207, 4, 527, 626, 122, 599, 295, 209, 493, 354, 404, 377, 528, 60, 148, 736, 305, 523, 98, 655, 535, 478, 367, 674, 628, 157, 480, 483, 300, 137, 231, 693, 594, 571, 641, 330, 366, 549, 380, 275, 102, 639, 204, 705, 556, 25, 194, 386, 15, 476, 398, 126, 501, 542, 684, 560, 350, 726, 289, 269, 47, 227, 632, 497, 596, 259, 494, 703, 739, 500, 538, 163, 222, 732, 503, 702, 606, 421, 216, 721, 417, 462, 612, 101, 687, 256, 382, 99, 456, 385, 310, 355, 299, 110, 258, 591, 282, 159, 331, 127, 40, 345, 82, 286, 383, 125, 416, 162, 744, 619, 344, 281, 395, 32, 200, 616, 360, 145, 621, 171, 484, 280, 129, 682, 673, 247, 109, 713, 19, 196, 188, 260, 603, 123, 7, 257, 388, 212, 614, 698, 595, 666, 691, 520, 134, 470, 508, 643, 701, 357, 727, 49, 686, 397, 428, 564, 399, 590, 611, 678, 699, 622, 177, 586, 112, 153, 361, 278, 57, 228, 683, 322, 215, 672, 581, 50, 610, 517, 43, 737, 230, 150, 408, 203, 584, 152, 236, 465, 443, 86, 376, 293, 491, 234, 6, 296, 667, 387, 20, 555, 21, 547, 685, 121, 268, 133, 338, 471, 30, 341, 392, 430, 598, 580, 660, 9, 63, 669, 411, 627, 95, 676, 202, 704, 232, 186, 166, 420, 292, 198, 436, 179, 640, 39, 473, 321, 167, 475, 486, 225, 262, 422, 66, 168, 197, 26, 654, 735, 176, 304, 466, 340, 221, 59, 175, 113, 73, 189, 3, 738, 559, 51, 320, 634, 141, 625, 583, 156, 446, 424, 81, 623, 680, 349, 651, 407, 337, 288, 426, 261, 578, 363, 601, 248, 412, 552, 184, 749, 504, 272, 748, 659, 402, 400, 573, 437, 605, 593, 351, 588, 144, 174, 245, 96, 14, 273, 93, 83, 637, 405, 114, 118, 418, 663, 496, 89, 498, 8, 131, 597, 263, 55, 716, 372, 324, 488, 290, 492, 525, 161, 694, 23, 353, 182, 329, 253, 149, 464, 115, 499, 516, 533, 339, 688, 608, 80, 46, 265, 706, 70, 313, 733, 218, 35, 482, 210, 309, 58, 17, 169, 512, 531, 138, 656, 139, 419, 692, 575, 613, 722, 441, 646, 423, 303, 255, 100, 468, 710, 711, 264, 458, 219, 323, 68, 745, 467, 485, 119, 409, 452, 27, 187, 567, 644, 170, 396, 130, 707, 389, 279, 193, 633, 720, 97, 226, 728, 401, 146, 91, 442, 79, 343, 675, 620, 117, 472, 64, 695, 490, 731, 577, 92, 18, 65, 479, 375, 537, 629, 539, 358, 128, 108, 474, 724, 124, 77, 444, 84, 214, 271, 481, 645, 379, 158, 534, 507, 306, 429, 717, 524, 585, 453, 427, 602, 741, 308, 71, 708, 160, 551, 730, 334, 285, 690, 381, 513, 718, 495, 521, 249, 635, 11, 638, 574, 111, 67, 270, 743, 336, 316, 536, 460, 319, 348, 233, 298, 723, 311, 393, 592, 477, 543, 165, 180, 681, 88, 16, 154, 451, 239, 445, 449, 649, 662, 48, 489, 670, 140, 668, 609, 107, 155, 75, 10, 433, 448, 415, 132, 250, 689, 213, 740, 579, 87, 191, 318, 143, 647, 447, 315, 244, 5, 235, 238, 135, 151, 69, 147]"
"53","198.69892525672913","133120.546875","134413.25940609453","[0, 41, 665, 33, 374, 569, 435, 211, 373, 652, 229, 719, 696, 217, 371, 729, 199, 554, 347, 56, 600, 526, 237, 44, 712, 106, 631, 700, 195, 439, 734, 78, 434, 378, 72, 677, 76, 570, 314, 181, 333, 636, 24, 61, 243, 223, 190, 709, 406, 390, 509, 251, 38, 335, 587, 220, 522, 653, 368, 545, 582, 45, 747, 715, 240, 661, 13, 62, 284, 403, 136, 529, 450, 205, 566, 172, 246, 185, 267, 455, 519, 617, 679, 461, 544, 28, 1, 457, 618, 241, 384, 307, 287, 514, 530, 553, 558, 742, 671, 332, 615, 206, 604, 22, 85, 658, 630, 53, 31, 52, 562, 178, 356, 208, 568, 532, 254, 714, 120, 565, 201, 589, 394, 29, 274, 463, 326, 142, 563, 327, 302, 410, 557, 291, 518, 12, 391, 276, 266, 54, 297, 242, 283, 36, 103, 34, 365, 657, 414, 90, 607, 650, 510, 506, 224, 362, 505, 312, 697, 346, 624, 173, 561, 301, 342, 74, 370, 576, 572, 328, 105, 413, 469, 642, 277, 541, 164, 540, 364, 104, 37, 183, 440, 459, 317, 550, 546, 252, 431, 725, 648, 746, 511, 42, 487, 294, 515, 369, 352, 192, 548, 94, 664, 325, 116, 454, 2, 359, 502, 432, 438, 425, 207, 4, 527, 626, 122, 599, 295, 209, 493, 354, 404, 377, 528, 60, 148, 736, 305, 523, 98, 655, 535, 478, 367, 674, 628, 157, 480, 483, 300, 137, 231, 693, 594, 571, 641, 330, 366, 549, 380, 275, 102, 639, 204, 705, 556, 25, 194, 386, 15, 476, 398, 126, 501, 542, 684, 560, 350, 726, 289, 269, 47, 227, 632, 497, 596, 259, 494, 703, 739, 500, 538, 163, 222, 732, 503, 702, 606, 421, 216, 721, 417, 462, 612, 101, 687, 256, 382, 99, 456, 385, 310, 355, 299, 110, 258, 591, 282, 159, 331, 127, 40, 345, 82, 286, 383, 125, 416, 162, 744, 619, 344, 281, 395, 32, 200, 616, 360, 145, 621, 171, 484, 280, 129, 682, 673, 247, 109, 713, 19, 196, 188, 260, 603, 123, 7, 257, 388, 212, 614, 698, 595, 666, 691, 520, 134, 470, 508, 643, 701, 357, 727, 49, 686, 397, 428, 564, 399, 590, 611, 678, 699, 622, 177, 586, 112, 153, 361, 278, 57, 228, 683, 322, 215, 672, 581, 50, 610, 517, 43, 737, 230, 150, 408, 203, 584, 152, 236, 465, 443, 86, 376, 293, 491, 234, 6, 296, 667, 387, 20, 555, 21, 547, 685, 121, 268, 133, 338, 471, 30, 341, 392, 430, 598, 580, 660, 9, 63, 669, 411, 627, 95, 676, 202, 704, 232, 186, 166, 420, 292, 198, 436, 179, 640, 39, 473, 321, 167, 475, 486, 225, 262, 422, 66, 168, 197, 26, 654, 735, 176, 304, 466, 340, 221, 59, 175, 113, 73, 189, 3, 738, 559, 51, 320, 634, 141, 625, 583, 156, 446, 424, 81, 623, 680, 349, 651, 407, 337, 288, 426, 261, 578, 363, 601, 248, 412, 552, 184, 749, 504, 272, 748, 659, 402, 400, 573, 437, 605, 593, 351, 588, 144, 174, 245, 96, 14, 273, 93, 83, 637, 405, 114, 118, 418, 663, 496, 89, 498, 8, 131, 597, 263, 55, 716, 372, 324, 488, 290, 492, 525, 161, 694, 23, 353, 182, 329, 253, 149, 464, 115, 499, 516, 533, 339, 688, 608, 80, 46, 265, 706, 70, 313, 733, 218, 35, 482, 210, 309, 58, 17, 169, 512, 531, 138, 656, 139, 419, 692, 575, 613, 722, 441, 646, 423, 303, 255, 100, 468, 710, 711, 264, 458, 219, 323, 68, 745, 467, 485, 119, 409, 452, 27, 187, 567, 644, 170, 396, 130, 707, 389, 279, 193, 633, 720, 97, 226, 728, 401, 146, 91, 442, 79, 343, 675, 620, 117, 472, 64, 695, 490, 731, 577, 92, 18, 65, 479, 375, 537, 629, 539, 358, 128, 108, 474, 724, 124, 77, 444, 84, 214, 271, 481, 645, 379, 158, 534, 507, 306, 429, 717, 524, 585, 453, 427, 602, 741, 308, 71, 708, 160, 551, 730, 334, 285, 690, 381, 513, 718, 495, 521, 249, 635, 11, 638, 574, 111, 67, 270, 743, 336, 316, 536, 460, 319, 348, 233, 298, 723, 311, 393, 592, 477, 543, 165, 180, 681, 88, 16, 154, 451, 239, 445, 449, 649, 662, 48, 489, 670, 140, 668, 609, 107, 155, 75, 10, 433, 448, 415, 132, 250, 689, 213, 740, 579, 87, 191, 318, 143, 647, 447, 315, 244, 5, 235, 238, 135, 151, 69, 147]"
"54","202.51165294647217","133083.671875","134287.59647077115","[0, 41, 665, 33, 374, 569, 435, 211, 373, 652, 229, 719, 696, 217, 371, 729, 199, 554, 347, 56, 600, 526, 237, 44, 712, 106, 631, 700, 195, 439, 734, 78, 434, 378, 72, 677, 76, 570, 314, 181, 333, 636, 24, 61, 243, 223, 190, 709, 406, 390, 509, 251, 38, 335, 587, 220, 522, 653, 368, 545, 582, 45, 747, 715, 240, 661, 13, 62, 284, 403, 136, 529, 450, 205, 566, 172, 246, 185, 267, 455, 519, 617, 679, 461, 544, 28, 1, 457, 618, 241, 384, 307, 287, 514, 530, 553, 558, 742, 671, 332, 615, 206, 604, 22, 85, 658, 630, 53, 31, 52, 562, 178, 356, 208, 568, 532, 254, 714, 120, 565, 201, 589, 394, 29, 274, 463, 326, 142, 563, 327, 302, 410, 557, 291, 518, 12, 391, 276, 266, 54, 297, 242, 283, 36, 103, 34, 365, 657, 414, 90, 607, 650, 510, 506, 224, 362, 505, 312, 697, 346, 624, 173, 561, 301, 342, 74, 370, 576, 572, 328, 105, 413, 469, 642, 277, 541, 164, 540, 364, 104, 37, 183, 440, 459, 317, 550, 546, 252, 431, 725, 648, 746, 511, 42, 487, 294, 515, 369, 352, 192, 548, 94, 664, 325, 116, 454, 2, 359, 502, 432, 438, 425, 207, 4, 527, 626, 122, 599, 295, 209, 493, 354, 404, 377, 528, 60, 148, 736, 305, 523, 98, 655, 535, 478, 367, 674, 628, 157, 480, 483, 300, 137, 231, 693, 594, 571, 641, 330, 366, 549, 380, 275, 102, 639, 204, 705, 556, 25, 194, 386, 15, 476, 398, 126, 501, 542, 684, 560, 350, 726, 289, 269, 47, 227, 632, 497, 596, 259, 494, 703, 739, 500, 538, 163, 222, 732, 503, 702, 606, 421, 216, 721, 417, 462, 612, 101, 687, 256, 382, 99, 456, 385, 310, 355, 299, 110, 258, 591, 282, 159, 331, 127, 40, 345, 82, 286, 383, 125, 416, 162, 744, 619, 344, 281, 395, 32, 200, 616, 360, 145, 621, 171, 484, 280, 129, 682, 673, 247, 109, 713, 19, 196, 188, 260, 603, 123, 388, 7, 257, 212, 614, 698, 595, 666, 691, 520, 134, 470, 508, 643, 701, 357, 727, 49, 686, 397, 428, 564, 399, 590, 611, 678, 699, 622, 177, 586, 112, 153, 361, 278, 57, 228, 683, 322, 215, 672, 581, 50, 610, 517, 43, 737, 230, 150, 408, 203, 584, 152, 236, 465, 443, 86, 376, 293, 491, 234, 6, 296, 667, 387, 20, 555, 21, 547, 685, 121, 268, 133, 338, 471, 30, 341, 392, 430, 598, 580, 660, 9, 63, 669, 411, 627, 95, 676, 202, 704, 232, 186, 166, 420, 292, 198, 436, 179, 640, 39, 473, 321, 167, 475, 486, 225, 262, 422, 66, 168, 197, 26, 654, 735, 176, 304, 466, 340, 221, 59, 175, 113, 73, 189, 3, 738, 559, 51, 320, 634, 141, 625, 583, 156, 446, 424, 81, 623, 680, 349, 651, 407, 337, 288, 426, 261, 578, 363, 601, 248, 412, 552, 184, 749, 504, 272, 748, 659, 402, 400, 573, 437, 605, 593, 351, 588, 144, 174, 245, 96, 14, 273, 93, 83, 637, 405, 114, 118, 418, 663, 496, 89, 498, 8, 131, 597, 263, 55, 716, 372, 324, 488, 290, 492, 525, 161, 694, 23, 353, 182, 329, 253, 149, 464, 115, 499, 516, 533, 339, 688, 608, 80, 46, 265, 706, 70, 313, 733, 218, 35, 482, 210, 309, 58, 17, 169, 512, 531, 138, 656, 139, 419, 692, 575, 613, 722, 441, 646, 423, 303, 255, 100, 468, 710, 711, 264, 458, 219, 323, 68, 745, 467, 485, 119, 409, 452, 27, 187, 567, 644, 170, 396, 130, 707, 389, 279, 193, 633, 720, 97, 226, 728, 401, 146, 91, 442, 79, 343, 675, 620, 117, 472, 64, 695, 490, 731, 577, 92, 18, 65, 479, 375, 537, 629, 539, 358, 128, 108, 474, 724, 124, 77, 444, 84, 214, 271, 481, 645, 379, 158, 534, 507, 306, 429, 717, 524, 585, 453, 427, 602, 741, 308, 71, 708, 160, 551, 730, 334, 285, 690, 381, 513, 718, 495, 521, 249, 635, 11, 638, 574, 111, 67, 270, 743, 336, 316, 536, 460, 319, 348, 233, 298, 723, 311, 393, 592, 477, 543, 165, 180, 681, 88, 16, 154, 451, 239, 445, 449, 649, 662, 48, 489, 670, 140, 668, 609, 107, 155, 75, 10, 433, 448, 415, 132, 250, 689, 213, 740, 579, 87, 191, 318, 143, 647, 447, 315, 244, 5, 235, 238, 135, 151, 69, 147]"
"55","206.32861351966858","133042.546875","134196.4087375622","[0, 41, 665, 33, 374, 569, 435, 211, 373, 652, 229, 719, 696, 217, 371, 729, 199, 554, 347, 56, 600, 526, 237, 44, 712, 106, 631, 700, 195, 439, 734, 78, 434, 378, 72, 677, 76, 570, 314, 181, 333, 636, 24, 61, 243, 223, 190, 709, 406, 390, 509, 251, 38, 335, 587, 220, 522, 653, 368, 545, 582, 45, 747, 715, 240, 661, 13, 62, 284, 403, 136, 529, 450, 205, 566, 172, 246, 185, 267, 455, 519, 617, 679, 461, 544, 28, 1, 457, 618, 241, 384, 307, 287, 514, 530, 553, 558, 742, 671, 332, 615, 206, 604, 22, 85, 658, 630, 53, 31, 52, 562, 178, 356, 208, 568, 532, 254, 714, 120, 565, 201, 589, 394, 29, 274, 463, 326, 142, 563, 327, 302, 410, 557, 291, 518, 12, 391, 276, 266, 54, 297, 242, 283, 36, 103, 34, 365, 657, 414, 90, 607, 650, 510, 506, 224, 362, 505, 312, 697, 346, 624, 173, 561, 301, 342, 74, 370, 576, 572, 328, 105, 413, 469, 642, 277, 541, 164, 540, 364, 104, 37, 183, 440, 459, 317, 550, 546, 252, 431, 725, 648, 746, 511, 42, 487, 294, 515, 369, 352, 192, 548, 94, 664, 325, 116, 454, 2, 359, 502, 432, 438, 425, 207, 4, 527, 626, 122, 599, 295, 209, 493, 354, 404, 377, 528, 60, 148, 736, 305, 523, 98, 655, 535, 478, 367, 674, 628, 157, 480, 483, 300, 137, 231, 693, 594, 571, 641, 330, 366, 549, 380, 275, 102, 639, 204, 705, 556, 25, 194, 386, 15, 476, 398, 126, 501, 542, 684, 560, 350, 726, 289, 269, 47, 227, 632, 497, 596, 259, 494, 703, 739, 500, 538, 163, 222, 732, 503, 702, 606, 421, 216, 721, 417, 462, 612, 101, 687, 256, 382, 99, 456, 385, 310, 355, 299, 110, 258, 591, 282, 159, 331, 127, 40, 345, 82, 286, 383, 125, 416, 162, 744, 619, 344, 281, 395, 32, 200, 616, 360, 145, 621, 171, 484, 280, 129, 682, 673, 247, 109, 713, 19, 196, 188, 260, 603, 123, 7, 257, 388, 212, 614, 698, 595, 666, 691, 520, 134, 470, 508, 643, 701, 357, 727, 686, 49, 397, 428, 564, 399, 590, 611, 678, 699, 622, 177, 586, 112, 153, 361, 278, 57, 228, 683, 322, 215, 672, 581, 50, 610, 517, 43, 737, 230, 150, 408, 203, 584, 152, 236, 465, 443, 86, 376, 293, 491, 234, 6, 296, 667, 387, 20, 555, 21, 547, 685, 121, 268, 133, 338, 471, 30, 341, 392, 430, 598, 580, 660, 9, 63, 669, 411, 627, 95, 676, 202, 704, 232, 186, 166, 420, 292, 198, 436, 179, 640, 39, 473, 321, 167, 475, 486, 225, 262, 422, 66, 168, 197, 26, 654, 735, 176, 304, 466, 340, 221, 59, 175, 113, 73, 189, 3, 738, 559, 51, 320, 634, 141, 625, 583, 156, 446, 424, 81, 623, 680, 349, 651, 407, 337, 288, 426, 261, 578, 363, 601, 248, 412, 552, 184, 749, 504, 272, 748, 659, 402, 400, 573, 437, 605, 593, 351, 588, 144, 174, 245, 96, 14, 273, 93, 83, 637, 405, 114, 118, 418, 663, 496, 89, 498, 8, 131, 597, 263, 55, 716, 372, 324, 488, 290, 492, 525, 161, 694, 23, 353, 182, 329, 253, 149, 464, 115, 499, 516, 533, 339, 688, 608, 80, 46, 265, 706, 70, 313, 733, 218, 35, 482, 210, 309, 58, 17, 169, 512, 531, 138, 656, 139, 419, 692, 575, 613, 722, 441, 646, 423, 303, 255, 100, 468, 710, 711, 264, 458, 219, 323, 68, 745, 467, 485, 119, 409, 452, 27, 187, 567, 644, 170, 396, 130, 707, 389, 279, 193, 633, 720, 97, 226, 728, 401, 146, 91, 442, 79, 343, 675, 620, 117, 472, 64, 695, 490, 731, 577, 92, 18, 65, 479, 375, 537, 629, 539, 358, 128, 108, 474, 724, 124, 77, 444, 84, 214, 271, 481, 645, 379, 158, 534, 507, 306, 429, 717, 524, 585, 453, 427, 602, 741, 308, 71, 708, 160, 551, 730, 334, 285, 690, 381, 513, 718, 495, 521, 249, 635, 11, 638, 574, 111, 67, 270, 743, 336, 316, 536, 460, 319, 348, 233, 298, 723, 311, 393, 592, 477, 543, 165, 180, 681, 88, 16, 154, 451, 239, 445, 449, 649, 662, 48, 489, 670, 140, 668, 609, 107, 155, 75, 10, 433, 448, 415, 132, 250, 689, 213, 740, 579, 87, 191, 318, 143, 647, 447, 315, 244, 5, 235, 238, 135, 151, 69, 147]"
"56","210.14115595817566","133042.1875","134121.59056281095","[0, 41, 665, 33, 374, 569, 435, 211, 373, 652, 229, 719, 696, 217, 371, 729, 199, 554, 347, 56, 600, 526, 237, 44, 712, 106, 631, 700, 195, 439, 734, 78, 434, 378, 72, 677, 76, 570, 314, 181, 333, 636, 24, 61, 243, 223, 190, 709, 406, 390, 509, 251, 38, 335, 587, 220, 522, 653, 368, 545, 582, 45, 747, 715, 240, 661, 13, 62, 284, 403, 136, 529, 450, 205, 566, 172, 246, 185, 267, 455, 519, 617, 679, 461, 544, 28, 1, 457, 618, 241, 384, 307, 287, 514, 530, 553, 558, 742, 671, 332, 615, 206, 604, 22, 85, 658, 630, 53, 31, 52, 562, 178, 356, 208, 568, 532, 254, 714, 120, 565, 201, 589, 394, 29, 274, 463, 326, 142, 563, 327, 302, 410, 557, 291, 518, 12, 391, 276, 266, 54, 297, 242, 283, 36, 103, 34, 365, 657, 414, 90, 607, 650, 510, 506, 224, 362, 505, 312, 697, 346, 624, 173, 561, 301, 342, 74, 370, 576, 572, 328, 105, 413, 469, 642, 277, 541, 164, 540, 364, 104, 37, 183, 440, 459, 317, 550, 546, 252, 431, 725, 648, 746, 511, 42, 487, 294, 515, 369, 352, 192, 548, 94, 664, 325, 116, 454, 2, 359, 502, 432, 438, 425, 207, 4, 527, 626, 122, 599, 295, 209, 493, 354, 404, 377, 528, 60, 148, 736, 305, 523, 98, 655, 535, 478, 367, 674, 628, 157, 480, 483, 300, 137, 231, 693, 594, 571, 641, 330, 366, 549, 380, 275, 102, 639, 204, 705, 556, 25, 194, 386, 15, 476, 398, 126, 501, 542, 684, 560, 350, 726, 289, 269, 47, 227, 632, 497, 596, 259, 494, 703, 739, 500, 538, 163, 222, 732, 503, 702, 606, 421, 216, 721, 417, 462, 612, 101, 687, 256, 382, 99, 456, 385, 310, 355, 299, 110, 258, 591, 282, 159, 331, 127, 40, 345, 82, 286, 383, 125, 416, 162, 744, 619, 344, 281, 395, 32, 200, 616, 360, 145, 621, 171, 484, 280, 129, 682, 673, 247, 109, 713, 19, 196, 188, 260, 603, 123, 7, 257, 388, 212, 614, 698, 595, 666, 691, 520, 134, 470, 508, 643, 701, 357, 727, 686, 49, 397, 428, 564, 399, 590, 611, 678, 699, 622, 177, 586, 112, 153, 361, 278, 57, 228, 683, 322, 215, 672, 581, 50, 610, 517, 43, 737, 230, 150, 408, 203, 584, 152, 236, 465, 443, 86, 376, 293, 491, 234, 6, 296, 667, 387, 20, 555, 21, 547, 685, 121, 268, 133, 338, 471, 30, 341, 392, 430, 598, 580, 660, 9, 63, 669, 411, 627, 95, 676, 202, 704, 232, 186, 166, 420, 292, 198, 436, 179, 640, 39, 473, 321, 167, 475, 486, 225, 262, 422, 66, 168, 197, 26, 654, 735, 176, 304, 466, 340, 221, 59, 175, 113, 73, 189, 3, 738, 559, 51, 320, 634, 141, 625, 583, 156, 446, 424, 81, 623, 680, 349, 651, 407, 337, 288, 426, 261, 578, 363, 601, 248, 412, 552, 184, 749, 504, 272, 748, 659, 402, 400, 573, 437, 605, 593, 351, 588, 144, 174, 245, 96, 14, 273, 93, 83, 637, 405, 114, 118, 418, 663, 496, 89, 498, 8, 131, 597, 263, 55, 716, 372, 324, 488, 290, 492, 525, 161, 694, 23, 353, 182, 329, 253, 149, 464, 115, 499, 516, 533, 339, 688, 608, 80, 46, 265, 706, 70, 313, 733, 218, 35, 482, 210, 309, 58, 17, 169, 512, 531, 138, 656, 139, 419, 692, 575, 613, 722, 441, 646, 423, 303, 255, 100, 468, 710, 711, 264, 458, 219, 323, 68, 745, 467, 485, 119, 27, 409, 452, 187, 644, 567, 170, 396, 130, 707, 389, 279, 193, 633, 720, 97, 226, 728, 401, 146, 91, 442, 79, 343, 675, 620, 117, 472, 64, 695, 490, 731, 577, 92, 18, 65, 479, 375, 537, 629, 539, 358, 128, 108, 474, 724, 124, 77, 444, 84, 214, 271, 481, 645, 379, 158, 534, 507, 306, 429, 717, 524, 585, 453, 427, 602, 741, 308, 71, 708, 160, 551, 730, 334, 285, 690, 381, 513, 718, 495, 521, 249, 635, 11, 638, 574, 111, 67, 270, 743, 336, 316, 536, 460, 319, 348, 233, 298, 723, 311, 393, 592, 477, 543, 165, 180, 681, 88, 16, 154, 451, 239, 445, 449, 649, 662, 48, 489, 670, 140, 668, 609, 107, 155, 75, 10, 433, 448, 415, 132, 250, 689, 213, 740, 579, 87, 191, 318, 143, 647, 447, 315, 244, 5, 235, 238, 135, 151, 69, 147]"
"57","213.94221377372742","132986.375","134049.0401119403","[0, 41, 665, 33, 374, 569, 435, 211, 373, 652, 229, 719, 696, 217, 371, 729, 199, 554, 347, 56, 600, 526, 237, 44, 712, 106, 631, 700, 195, 439, 734, 78, 434, 378, 72, 677, 76, 570, 314, 181, 333, 636, 24, 61, 243, 223, 190, 709, 406, 390, 509, 251, 38, 335, 587, 220, 522, 653, 368, 545, 582, 45, 747, 715, 240, 661, 13, 62, 284, 403, 136, 529, 450, 205, 566, 172, 246, 185, 267, 455, 519, 617, 679, 461, 544, 28, 1, 457, 618, 241, 384, 307, 287, 514, 530, 553, 558, 742, 671, 332, 615, 206, 604, 22, 85, 658, 630, 53, 31, 52, 562, 178, 356, 208, 568, 532, 254, 714, 120, 565, 201, 589, 394, 29, 274, 463, 326, 142, 563, 327, 302, 410, 557, 291, 518, 12, 391, 276, 266, 54, 297, 242, 283, 36, 103, 34, 365, 657, 414, 90, 607, 650, 510, 506, 224, 362, 505, 312, 697, 346, 624, 173, 561, 301, 342, 74, 370, 576, 572, 328, 105, 413, 469, 642, 277, 541, 164, 540, 364, 104, 37, 183, 440, 459, 317, 550, 546, 252, 431, 725, 648, 746, 511, 42, 487, 294, 515, 369, 352, 192, 548, 94, 664, 325, 116, 454, 2, 359, 502, 432, 438, 425, 207, 4, 527, 626, 122, 599, 295, 209, 493, 354, 404, 377, 528, 60, 148, 736, 305, 523, 98, 655, 535, 478, 367, 674, 628, 157, 480, 483, 300, 137, 231, 693, 594, 571, 641, 330, 366, 549, 380, 275, 102, 639, 204, 705, 556, 25, 194, 386, 15, 476, 398, 126, 501, 542, 684, 560, 350, 726, 289, 269, 47, 227, 632, 497, 596, 259, 494, 703, 739, 500, 538, 163, 222, 732, 503, 702, 606, 421, 216, 721, 417, 462, 612, 101, 687, 256, 382, 99, 456, 385, 310, 355, 299, 110, 258, 591, 282, 159, 331, 127, 40, 345, 82, 286, 383, 125, 416, 162, 744, 619, 344, 281, 395, 32, 200, 616, 360, 145, 621, 171, 484, 280, 129, 682, 673, 247, 109, 713, 19, 196, 188, 260, 603, 123, 388, 7, 257, 212, 614, 698, 595, 666, 691, 520, 134, 470, 508, 643, 701, 357, 49, 686, 727, 397, 428, 564, 399, 590, 611, 678, 699, 622, 177, 586, 112, 153, 361, 278, 57, 228, 683, 322, 215, 672, 581, 50, 610, 517, 43, 737, 230, 150, 408, 203, 584, 152, 236, 465, 443, 86, 376, 293, 491, 234, 6, 296, 667, 387, 20, 555, 21, 547, 685, 121, 268, 133, 338, 471, 30, 341, 392, 430, 598, 580, 660, 9, 63, 669, 411, 627, 95, 676, 202, 704, 232, 186, 166, 420, 292, 198, 436, 179, 640, 39, 473, 321, 167, 475, 486, 225, 262, 422, 66, 168, 197, 26, 654, 735, 176, 304, 466, 340, 221, 59, 175, 113, 73, 189, 3, 738, 559, 51, 320, 634, 141, 625, 583, 156, 446, 424, 81, 623, 680, 349, 651, 407, 337, 288, 426, 261, 578, 363, 601, 248, 412, 552, 184, 749, 504, 272, 748, 659, 402, 400, 573, 437, 605, 593, 351, 588, 144, 174, 245, 96, 14, 273, 93, 83, 637, 405, 114, 118, 418, 663, 496, 89, 498, 8, 131, 597, 263, 55, 716, 372, 324, 488, 290, 492, 525, 161, 694, 23, 353, 182, 329, 253, 149, 464, 115, 499, 516, 533, 339, 688, 608, 80, 46, 265, 706, 70, 313, 733, 218, 35, 482, 210, 309, 58, 17, 169, 512, 531, 138, 656, 139, 419, 692, 575, 613, 722, 441, 646, 423, 303, 255, 100, 468, 710, 711, 264, 458, 219, 323, 68, 745, 467, 485, 119, 27, 409, 452, 187, 644, 567, 170, 396, 130, 707, 389, 279, 193, 633, 720, 97, 226, 728, 401, 146, 91, 442, 79, 343, 675, 620, 117, 472, 64, 695, 490, 731, 577, 92, 18, 65, 479, 375, 537, 629, 539, 358, 128, 108, 474, 724, 124, 77, 444, 84, 214, 271, 481, 645, 379, 158, 534, 507, 306, 429, 717, 524, 585, 453, 427, 602, 741, 308, 71, 708, 160, 551, 730, 334, 285, 690, 381, 513, 718, 495, 521, 249, 635, 11, 638, 574, 111, 67, 270, 743, 336, 316, 536, 460, 319, 348, 233, 298, 723, 311, 393, 592, 477, 543, 165, 180, 681, 88, 16, 154, 451, 239, 445, 449, 649, 662, 48, 489, 670, 140, 668, 609, 107, 155, 75, 10, 433, 448, 415, 132, 250, 689, 213, 740, 579, 87, 191, 318, 143, 647, 447, 315, 244, 5, 235, 238, 135, 151, 69, 147]"
"58","217.75260853767395","132966.984375","133936.84009639305","[0, 41, 665, 33, 374, 569, 435, 211, 373, 652, 229, 719, 696, 217, 371, 729, 199, 554, 347, 56, 600, 526, 237, 44, 712, 106, 631, 700, 195, 439, 734, 78, 434, 378, 72, 677, 76, 570, 314, 181, 333, 636, 24, 61, 243, 223, 190, 709, 406, 390, 509, 251, 38, 335, 587, 220, 522, 653, 368, 545, 582, 45, 747, 715, 240, 661, 13, 62, 284, 403, 136, 529, 450, 205, 566, 172, 246, 185, 267, 455, 519, 617, 679, 461, 544, 28, 1, 457, 618, 241, 384, 307, 287, 514, 530, 553, 558, 742, 671, 332, 615, 206, 604, 22, 85, 658, 630, 53, 31, 52, 562, 178, 356, 208, 568, 532, 254, 714, 120, 565, 201, 589, 394, 29, 274, 463, 326, 142, 563, 327, 302, 410, 557, 291, 518, 12, 391, 276, 266, 54, 297, 242, 283, 36, 103, 34, 365, 657, 414, 90, 607, 650, 510, 506, 224, 362, 505, 312, 697, 346, 624, 173, 561, 301, 342, 74, 370, 576, 572, 328, 105, 413, 469, 642, 277, 541, 164, 540, 364, 104, 37, 183, 440, 459, 317, 550, 546, 252, 431, 725, 648, 746, 511, 42, 487, 294, 515, 369, 352, 192, 548, 94, 664, 325, 116, 454, 2, 359, 502, 432, 438, 425, 207, 4, 527, 626, 122, 599, 295, 209, 493, 354, 404, 377, 528, 60, 148, 736, 305, 523, 98, 655, 535, 478, 367, 674, 628, 157, 480, 483, 300, 137, 231, 693, 594, 571, 641, 330, 366, 549, 380, 275, 102, 639, 204, 705, 556, 25, 194, 386, 15, 476, 398, 126, 501, 542, 684, 560, 350, 726, 289, 269, 47, 227, 632, 497, 596, 259, 494, 703, 739, 500, 538, 163, 222, 732, 503, 702, 606, 421, 216, 721, 417, 462, 612, 101, 687, 256, 382, 99, 456, 385, 310, 355, 299, 110, 258, 591, 282, 159, 331, 127, 40, 345, 82, 286, 383, 125, 416, 162, 744, 619, 344, 281, 395, 32, 200, 616, 360, 145, 621, 171, 484, 280, 129, 682, 673, 247, 109, 713, 19, 196, 188, 260, 603, 123, 388, 7, 257, 212, 614, 698, 595, 666, 691, 520, 134, 470, 508, 643, 701, 357, 49, 686, 727, 397, 428, 564, 399, 590, 611, 678, 699, 622, 177, 586, 112, 153, 361, 278, 57, 228, 683, 322, 215, 672, 581, 50, 610, 517, 43, 737, 230, 150, 408, 203, 584, 152, 236, 465, 443, 86, 376, 293, 491, 234, 6, 296, 667, 387, 20, 555, 21, 547, 685, 121, 268, 133, 338, 471, 30, 341, 392, 430, 598, 580, 660, 9, 63, 669, 411, 627, 95, 676, 202, 704, 232, 186, 166, 420, 292, 198, 436, 179, 640, 39, 473, 321, 167, 475, 486, 225, 262, 422, 66, 168, 197, 26, 654, 735, 176, 304, 466, 340, 221, 59, 175, 113, 73, 189, 3, 738, 559, 51, 320, 634, 141, 625, 583, 156, 446, 424, 81, 623, 680, 349, 651, 407, 337, 288, 426, 261, 578, 363, 601, 248, 412, 552, 184, 749, 504, 272, 748, 659, 402, 400, 573, 437, 605, 593, 351, 588, 144, 174, 245, 96, 14, 273, 93, 83, 637, 405, 114, 118, 418, 663, 496, 89, 498, 8, 131, 597, 263, 55, 716, 372, 324, 488, 290, 492, 525, 161, 694, 23, 353, 182, 329, 253, 149, 464, 115, 499, 516, 533, 339, 688, 608, 80, 46, 265, 706, 70, 313, 733, 218, 35, 482, 210, 309, 58, 17, 169, 512, 531, 138, 656, 139, 419, 692, 575, 613, 722, 441, 646, 423, 303, 255, 100, 468, 710, 711, 264, 458, 219, 323, 68, 745, 467, 485, 119, 409, 452, 27, 187, 644, 567, 170, 396, 130, 707, 389, 279, 193, 633, 720, 97, 226, 728, 401, 146, 91, 442, 79, 343, 675, 620, 117, 472, 64, 695, 490, 731, 577, 92, 18, 65, 479, 375, 537, 629, 539, 358, 128, 108, 474, 724, 124, 77, 444, 84, 214, 271, 481, 645, 379, 158, 534, 507, 306, 429, 717, 524, 585, 453, 427, 602, 741, 308, 71, 708, 160, 551, 730, 334, 285, 690, 381, 513, 718, 495, 521, 249, 635, 11, 638, 574, 111, 67, 270, 743, 336, 316, 536, 460, 319, 348, 233, 298, 723, 311, 393, 592, 477, 543, 165, 180, 681, 88, 16, 154, 451, 239, 445, 449, 649, 662, 48, 489, 670, 140, 668, 609, 107, 155, 75, 10, 433, 448, 415, 132, 250, 689, 213, 740, 579, 87, 191, 318, 143, 647, 447, 315, 244, 5, 235, 238, 135, 151, 69, 147]"
"59","221.5516848564148","132945.53125","133828.14388992538","[0, 41, 665, 33, 374, 569, 435, 211, 373, 652, 229, 719, 696, 217, 371, 729, 199, 554, 347, 56, 600, 526, 237, 44, 712, 106, 631, 700, 195, 439, 734, 78, 434, 378, 72, 677, 76, 570, 314, 181, 333, 636, 24, 61, 243, 223, 190, 709, 406, 390, 587, 38, 335, 509, 251, 653, 220, 522, 368, 545, 582, 45, 747, 715, 240, 661, 13, 62, 284, 403, 136, 529, 450, 205, 566, 172, 246, 185, 267, 455, 519, 617, 679, 461, 544, 28, 1, 457, 618, 241, 384, 307, 287, 514, 530, 553, 558, 742, 671, 332, 615, 206, 604, 22, 85, 658, 630, 53, 31, 52, 562, 178, 356, 208, 568, 532, 254, 714, 120, 565, 201, 589, 394, 29, 274, 463, 326, 142, 563, 327, 302, 410, 557, 291, 518, 12, 391, 276, 266, 54, 297, 242, 283, 36, 103, 34, 365, 657, 414, 90, 607, 650, 510, 506, 224, 362, 505, 312, 697, 346, 624, 173, 561, 301, 342, 74, 370, 576, 572, 328, 105, 413, 469, 642, 277, 541, 164, 540, 364, 104, 37, 183, 440, 459, 317, 550, 546, 252, 431, 725, 648, 746, 511, 42, 487, 294, 515, 369, 352, 192, 548, 94, 664, 325, 116, 454, 2, 359, 502, 432, 438, 425, 207, 4, 527, 626, 122, 599, 295, 209, 493, 354, 404, 377, 528, 60, 148, 736, 305, 523, 98, 655, 535, 478, 367, 674, 628, 157, 480, 483, 300, 137, 231, 693, 594, 571, 641, 330, 366, 549, 380, 275, 102, 639, 204, 705, 556, 25, 194, 386, 15, 476, 398, 126, 501, 542, 684, 560, 350, 726, 289, 269, 47, 227, 632, 497, 596, 259, 494, 703, 739, 500, 538, 163, 222, 732, 503, 702, 606, 421, 216, 721, 417, 462, 612, 101, 687, 256, 382, 99, 456, 385, 310, 355, 299, 110, 258, 591, 282, 159, 331, 127, 40, 345, 82, 286, 383, 125, 416, 162, 744, 619, 344, 281, 395, 32, 200, 616, 360, 145, 621, 171, 484, 280, 129, 682, 673, 247, 109, 713, 19, 196, 188, 260, 603, 123, 388, 7, 257, 212, 614, 698, 595, 666, 691, 520, 134, 470, 508, 643, 701, 357, 49, 686, 727, 397, 428, 564, 399, 590, 611, 678, 699, 622, 177, 586, 112, 153, 361, 278, 57, 228, 683, 322, 215, 672, 581, 50, 610, 517, 43, 737, 230, 150, 408, 203, 584, 152, 236, 465, 443, 86, 376, 293, 491, 234, 6, 296, 667, 387, 20, 555, 21, 547, 685, 121, 268, 133, 338, 471, 30, 341, 392, 430, 598, 580, 660, 9, 63, 669, 411, 627, 95, 676, 202, 704, 232, 186, 166, 420, 292, 198, 436, 179, 640, 39, 473, 321, 167, 475, 486, 225, 262, 422, 66, 168, 197, 26, 654, 735, 176, 304, 466, 340, 221, 59, 175, 113, 73, 189, 3, 738, 559, 51, 320, 634, 141, 625, 583, 156, 446, 424, 81, 623, 680, 349, 651, 407, 337, 288, 426, 261, 578, 363, 601, 248, 412, 552, 184, 749, 504, 272, 748, 659, 402, 400, 573, 437, 605, 593, 351, 588, 144, 174, 245, 96, 14, 273, 93, 83, 637, 405, 114, 118, 418, 663, 496, 89, 498, 8, 131, 597, 263, 55, 716, 372, 324, 488, 290, 492, 525, 161, 694, 23, 353, 182, 329, 253, 149, 464, 115, 499, 516, 533, 339, 688, 608, 80, 46, 265, 706, 70, 313, 733, 218, 35, 482, 210, 309, 58, 17, 169, 512, 531, 138, 656, 139, 419, 692, 575, 613, 722, 441, 646, 423, 303, 255, 100, 468, 710, 711, 264, 458, 219, 323, 68, 745, 467, 485, 119, 27, 409, 452, 187, 644, 567, 170, 396, 130, 707, 389, 279, 193, 633, 720, 97, 226, 728, 401, 146, 91, 442, 79, 343, 675, 620, 117, 472, 64, 695, 490, 731, 577, 92, 18, 65, 479, 375, 537, 629, 539, 358, 128, 108, 474, 724, 124, 77, 444, 84, 214, 271, 481, 645, 379, 158, 534, 507, 306, 429, 717, 524, 585, 453, 427, 602, 741, 308, 71, 708, 160, 551, 730, 334, 285, 690, 381, 513, 718, 495, 521, 249, 635, 11, 638, 574, 111, 67, 270, 743, 336, 316, 536, 460, 319, 348, 233, 298, 723, 311, 393, 592, 477, 543, 165, 180, 681, 88, 16, 154, 451, 239, 445, 449, 649, 662, 48, 489, 670, 140, 668, 609, 107, 155, 75, 10, 433, 448, 415, 132, 250, 689, 213, 740, 579, 87, 191, 318, 143, 647, 447, 315, 244, 5, 235, 238, 135, 151, 69, 147]"
"60","225.35143327713013","132926.15625","133808.46976057213","[0, 41, 665, 33, 374, 569, 435, 211, 373, 652, 229, 719, 696, 217, 371, 729, 199, 554, 347, 56, 600, 526, 237, 44, 712, 106, 631, 700, 195, 439, 734, 78, 434, 378, 72, 677, 76, 570, 314, 181, 333, 636, 24, 61, 243, 223, 190, 709, 406, 390, 587, 38, 335, 509, 251, 653, 220, 522, 368, 545, 582, 45, 747, 715, 240, 661, 13, 62, 284, 403, 136, 529, 450, 205, 566, 172, 246, 185, 267, 455, 519, 617, 679, 461, 544, 28, 1, 457, 618, 241, 384, 307, 287, 514, 530, 553, 558, 742, 671, 332, 615, 206, 604, 22, 85, 658, 630, 53, 31, 52, 562, 178, 356, 208, 568, 532, 254, 714, 120, 565, 201, 589, 394, 29, 274, 463, 326, 142, 563, 327, 302, 410, 557, 291, 518, 12, 391, 276, 266, 54, 297, 242, 283, 36, 103, 34, 365, 657, 414, 90, 607, 650, 510, 506, 224, 362, 505, 312, 697, 346, 624, 173, 561, 301, 342, 74, 370, 576, 572, 328, 105, 413, 469, 642, 277, 541, 164, 540, 364, 104, 37, 183, 440, 459, 317, 550, 546, 252, 431, 725, 648, 746, 511, 42, 487, 294, 515, 369, 352, 192, 548, 94, 664, 325, 116, 454, 2, 359, 502, 432, 438, 425, 207, 4, 527, 626, 122, 599, 295, 209, 493, 354, 404, 377, 528, 60, 148, 736, 305, 523, 98, 655, 535, 478, 367, 674, 628, 157, 480, 483, 300, 137, 231, 693, 594, 571, 641, 330, 366, 549, 380, 275, 102, 639, 204, 705, 556, 25, 194, 386, 15, 476, 398, 126, 501, 542, 684, 560, 350, 726, 289, 269, 47, 227, 632, 497, 596, 259, 494, 703, 739, 500, 538, 163, 222, 732, 503, 702, 606, 421, 216, 721, 417, 462, 612, 101, 687, 256, 382, 99, 456, 385, 310, 355, 299, 110, 258, 591, 282, 159, 331, 127, 40, 345, 82, 286, 383, 125, 416, 162, 744, 619, 344, 281, 395, 32, 200, 616, 360, 145, 621, 171, 484, 280, 129, 682, 673, 247, 109, 713, 19, 196, 188, 260, 603, 123, 388, 7, 257, 212, 614, 698, 595, 666, 691, 520, 134, 470, 508, 643, 701, 357, 49, 686, 727, 397, 428, 564, 399, 590, 611, 678, 699, 622, 177, 586, 112, 153, 361, 278, 57, 228, 683, 322, 215, 672, 581, 50, 610, 517, 43, 737, 230, 150, 408, 203, 584, 152, 236, 465, 443, 86, 376, 293, 491, 234, 6, 296, 667, 387, 20, 555, 21, 547, 685, 121, 268, 133, 338, 471, 30, 341, 392, 430, 598, 580, 660, 9, 63, 669, 411, 627, 95, 676, 202, 704, 232, 186, 166, 420, 292, 198, 436, 179, 640, 39, 473, 321, 167, 475, 486, 225, 262, 422, 66, 168, 197, 26, 654, 735, 176, 304, 466, 340, 221, 59, 175, 113, 73, 189, 3, 738, 559, 51, 320, 634, 141, 625, 583, 156, 446, 424, 81, 623, 680, 349, 651, 407, 337, 288, 426, 261, 578, 363, 601, 248, 412, 552, 184, 749, 504, 272, 748, 659, 402, 400, 573, 437, 605, 593, 351, 588, 144, 174, 245, 96, 14, 273, 93, 83, 637, 405, 114, 118, 418, 663, 496, 89, 498, 8, 131, 597, 263, 55, 716, 372, 324, 488, 290, 492, 525, 161, 694, 23, 353, 182, 329, 253, 149, 464, 115, 499, 516, 533, 339, 688, 608, 80, 46, 265, 706, 70, 313, 733, 218, 35, 482, 210, 309, 58, 17, 169, 512, 531, 138, 656, 139, 419, 692, 575, 613, 722, 441, 646, 423, 303, 255, 100, 468, 710, 711, 264, 458, 219, 323, 68, 745, 467, 485, 119, 409, 452, 27, 187, 644, 567, 170, 396, 130, 707, 389, 279, 193, 633, 720, 97, 226, 728, 401, 146, 91, 442, 79, 343, 675, 620, 117, 472, 64, 695, 490, 731, 577, 92, 18, 65, 479, 375, 537, 629, 539, 358, 128, 108, 474, 724, 124, 77, 444, 84, 214, 271, 481, 645, 379, 158, 534, 507, 306, 429, 717, 524, 585, 453, 427, 602, 741, 308, 71, 708, 160, 551, 730, 334, 285, 690, 381, 513, 718, 495, 521, 249, 635, 11, 638, 574, 111, 67, 270, 743, 336, 316, 536, 460, 319, 348, 233, 298, 723, 311, 393, 592, 477, 543, 165, 180, 681, 88, 16, 154, 451, 239, 445, 449, 649, 662, 48, 489, 670, 140, 668, 609, 107, 155, 75, 10, 433, 448, 415, 132, 250, 689, 213, 740, 579, 87, 191, 318, 143, 647, 447, 315, 244, 5, 235, 238, 135, 151, 69, 147]"
"61","229.15070867538452","132909.578125","133778.9547574627","[0, 41, 665, 33, 374, 569, 435, 211, 373, 652, 229, 719, 696, 217, 371, 729, 199, 554, 347, 56, 600, 526, 237, 44, 712, 106, 631, 700, 195, 439, 734, 78, 434, 378, 72, 677, 76, 570, 314, 181, 333, 636, 24, 61, 243, 223, 190, 709, 406, 390, 587, 38, 335, 509, 251, 653, 220, 522, 368, 545, 582, 45, 747, 715, 240, 661, 13, 62, 284, 403, 136, 529, 450, 205, 566, 172, 246, 185, 267, 455, 519, 617, 679, 461, 544, 28, 1, 457, 618, 241, 384, 307, 287, 514, 530, 553, 558, 742, 671, 332, 615, 206, 604, 22, 85, 658, 630, 53, 31, 52, 562, 178, 356, 208, 568, 532, 254, 714, 120, 565, 201, 589, 394, 29, 274, 463, 326, 142, 563, 327, 302, 410, 557, 291, 518, 12, 391, 276, 266, 54, 297, 242, 283, 36, 103, 34, 365, 657, 414, 90, 607, 650, 510, 506, 224, 362, 505, 312, 697, 346, 624, 173, 561, 301, 342, 74, 370, 576, 572, 328, 105, 413, 469, 642, 277, 541, 164, 540, 364, 104, 37, 183, 440, 459, 317, 550, 546, 252, 431, 725, 648, 746, 511, 42, 487, 294, 515, 369, 352, 192, 548, 94, 664, 325, 116, 454, 2, 359, 502, 432, 438, 425, 207, 4, 527, 626, 122, 599, 295, 209, 493, 354, 404, 377, 528, 60, 148, 736, 305, 523, 98, 655, 535, 478, 367, 674, 628, 157, 480, 483, 300, 137, 231, 693, 594, 571, 641, 330, 366, 549, 380, 275, 102, 639, 204, 705, 556, 25, 194, 386, 15, 476, 398, 126, 501, 542, 684, 560, 350, 726, 289, 269, 47, 227, 632, 497, 596, 259, 494, 703, 739, 500, 163, 222, 538, 732, 503, 702, 606, 421, 216, 721, 417, 462, 612, 101, 687, 256, 382, 99, 456, 385, 310, 355, 299, 110, 258, 591, 282, 159, 331, 127, 40, 345, 82, 286, 383, 125, 416, 162, 744, 619, 344, 281, 395, 32, 200, 616, 360, 145, 621, 171, 484, 280, 129, 682, 673, 247, 109, 713, 19, 196, 188, 260, 603, 123, 388, 7, 257, 212, 614, 698, 595, 666, 691, 520, 134, 470, 508, 643, 701, 357, 49, 686, 727, 397, 428, 564, 399, 590, 611, 678, 699, 622, 177, 586, 112, 153, 361, 278, 57, 228, 683, 322, 215, 672, 581, 50, 610, 517, 43, 737, 230, 150, 408, 203, 584, 152, 236, 465, 443, 86, 376, 293, 491, 234, 6, 296, 667, 387, 20, 555, 21, 547, 685, 121, 268, 133, 338, 471, 30, 341, 392, 430, 598, 580, 660, 9, 63, 669, 411, 627, 95, 676, 202, 704, 232, 186, 166, 420, 292, 198, 436, 179, 640, 39, 473, 321, 167, 475, 486, 225, 262, 422, 66, 168, 197, 26, 654, 735, 176, 304, 466, 340, 221, 59, 175, 113, 73, 189, 3, 738, 559, 51, 320, 634, 141, 625, 583, 156, 446, 424, 81, 623, 680, 349, 651, 407, 337, 288, 426, 261, 578, 363, 601, 248, 412, 552, 184, 749, 504, 272, 748, 659, 402, 400, 573, 437, 605, 593, 351, 588, 144, 174, 245, 96, 14, 273, 93, 83, 637, 405, 114, 118, 418, 663, 496, 89, 498, 8, 131, 597, 263, 55, 716, 372, 324, 488, 290, 492, 525, 161, 694, 23, 353, 182, 329, 253, 149, 464, 115, 499, 516, 533, 339, 688, 608, 80, 46, 265, 706, 70, 313, 733, 218, 35, 482, 210, 309, 58, 17, 169, 512, 531, 138, 656, 139, 419, 692, 575, 613, 722, 441, 646, 423, 303, 255, 100, 468, 710, 711, 264, 458, 219, 323, 68, 745, 467, 485, 119, 409, 452, 27, 187, 644, 567, 170, 396, 130, 707, 389, 279, 193, 633, 720, 97, 226, 728, 401, 146, 91, 442, 79, 343, 675, 620, 117, 472, 64, 695, 490, 731, 577, 92, 18, 65, 479, 375, 537, 629, 539, 358, 128, 108, 474, 724, 124, 77, 444, 84, 214, 271, 481, 645, 379, 158, 534, 507, 306, 429, 717, 524, 585, 453, 427, 602, 741, 308, 71, 708, 160, 551, 730, 334, 285, 690, 381, 513, 718, 495, 521, 249, 635, 11, 638, 574, 111, 67, 270, 743, 336, 316, 536, 460, 319, 348, 233, 298, 723, 311, 393, 592, 477, 543, 165, 180, 681, 88, 16, 154, 451, 239, 445, 449, 649, 662, 48, 489, 670, 140, 668, 609, 107, 155, 75, 10, 433, 448, 415, 132, 250, 689, 213, 740, 579, 87, 191, 318, 143, 647, 447, 315, 244, 5, 235, 238, 135, 151, 69, 147]"
"62","232.9509415626526","132874.984375","133753.01531405473","[0, 41, 665, 33, 374, 569, 435, 211, 373, 652, 229, 719, 696, 217, 371, 729, 199, 554, 347, 56, 600, 526, 237, 44, 712, 106, 631, 700, 195, 439, 734, 78, 434, 378, 72, 677, 76, 570, 314, 181, 333, 636, 24, 61, 243, 223, 190, 709, 406, 390, 587, 38, 335, 509, 251, 653, 220, 522, 368, 545, 582, 45, 747, 715, 240, 661, 13, 62, 284, 403, 136, 529, 450, 205, 566, 172, 246, 185, 267, 455, 519, 617, 679, 461, 544, 28, 1, 457, 618, 241, 384, 307, 287, 514, 530, 553, 558, 742, 671, 332, 615, 206, 604, 22, 85, 658, 630, 53, 31, 52, 562, 178, 356, 208, 568, 532, 254, 714, 120, 565, 201, 589, 394, 29, 274, 463, 326, 142, 563, 327, 302, 410, 557, 291, 518, 12, 391, 276, 266, 54, 297, 242, 283, 36, 103, 34, 365, 657, 414, 90, 607, 650, 510, 506, 224, 362, 505, 312, 697, 346, 624, 173, 561, 301, 342, 74, 370, 576, 572, 328, 105, 413, 469, 642, 277, 541, 164, 540, 364, 104, 37, 183, 440, 459, 317, 550, 546, 252, 431, 725, 648, 746, 511, 42, 487, 294, 515, 369, 352, 192, 548, 94, 664, 325, 116, 454, 2, 359, 502, 432, 438, 425, 207, 4, 527, 626, 122, 599, 295, 209, 493, 354, 404, 377, 528, 60, 148, 736, 305, 523, 98, 655, 535, 478, 367, 674, 628, 157, 480, 483, 300, 137, 231, 693, 594, 571, 641, 330, 366, 549, 380, 275, 102, 639, 204, 705, 556, 25, 194, 386, 15, 476, 398, 126, 501, 542, 684, 560, 350, 726, 289, 269, 47, 227, 632, 497, 596, 259, 494, 703, 739, 500, 163, 222, 538, 732, 503, 702, 606, 421, 216, 721, 417, 462, 612, 101, 687, 256, 382, 99, 456, 385, 310, 355, 299, 110, 258, 591, 282, 159, 331, 127, 40, 345, 82, 286, 383, 125, 416, 162, 744, 619, 344, 281, 395, 32, 200, 616, 360, 145, 621, 171, 484, 280, 129, 682, 673, 247, 109, 713, 19, 196, 188, 260, 603, 123, 388, 7, 257, 212, 614, 698, 595, 666, 691, 520, 134, 470, 508, 643, 701, 357, 49, 686, 727, 397, 428, 564, 399, 590, 611, 678, 699, 622, 177, 586, 112, 153, 361, 278, 57, 228, 683, 322, 215, 672, 581, 50, 610, 517, 43, 737, 230, 150, 408, 203, 584, 152, 236, 465, 443, 86, 376, 293, 491, 234, 6, 296, 667, 387, 20, 555, 21, 547, 685, 121, 268, 133, 338, 471, 30, 341, 392, 430, 598, 580, 660, 9, 63, 669, 411, 627, 95, 676, 202, 704, 232, 186, 166, 420, 39, 179, 473, 321, 640, 436, 198, 292, 167, 475, 486, 225, 262, 422, 66, 168, 197, 26, 654, 735, 176, 304, 466, 340, 221, 59, 175, 113, 73, 189, 3, 738, 559, 51, 320, 634, 141, 625, 583, 156, 446, 424, 81, 623, 680, 349, 651, 407, 337, 288, 426, 261, 578, 363, 601, 248, 412, 552, 184, 749, 504, 272, 748, 659, 402, 400, 573, 437, 605, 593, 351, 588, 144, 174, 245, 96, 14, 273, 93, 83, 637, 405, 114, 118, 418, 663, 496, 89, 498, 8, 131, 597, 263, 55, 716, 372, 324, 488, 290, 492, 525, 161, 694, 23, 353, 182, 329, 253, 149, 464, 115, 499, 516, 533, 339, 688, 608, 80, 46, 265, 706, 70, 313, 733, 218, 35, 482, 210, 309, 58, 17, 169, 512, 531, 138, 656, 139, 419, 692, 575, 613, 722, 441, 646, 423, 303, 255, 100, 468, 710, 711, 264, 458, 219, 323, 68, 745, 467, 485, 119, 409, 452, 27, 187, 644, 567, 170, 396, 130, 707, 389, 279, 193, 633, 720, 97, 226, 728, 401, 146, 91, 442, 79, 343, 675, 620, 117, 472, 64, 695, 490, 731, 577, 92, 18, 65, 479, 375, 537, 629, 539, 358, 128, 108, 474, 724, 124, 77, 444, 84, 214, 271, 481, 645, 379, 158, 534, 507, 306, 429, 717, 524, 585, 453, 427, 602, 741, 308, 71, 708, 160, 551, 730, 334, 285, 690, 381, 513, 718, 495, 521, 249, 635, 11, 638, 574, 111, 67, 270, 743, 336, 316, 536, 460, 319, 348, 233, 298, 723, 311, 393, 592, 477, 543, 165, 180, 681, 88, 16, 154, 451, 239, 445, 449, 649, 662, 48, 489, 670, 140, 668, 609, 107, 155, 75, 10, 433, 448, 415, 132, 250, 689, 213, 740, 579, 87, 191, 318, 143, 647, 447, 315, 244, 5, 235, 238, 135, 151, 69, 147]"
"63","236.75244140625","132838.671875","133736.807369403","[0, 41, 665, 33, 374, 569, 435, 211, 373, 652, 229, 719, 696, 217, 371, 729, 199, 554, 347, 56, 600, 526, 237, 44, 712, 106, 631, 700, 195, 439, 734, 78, 434, 378, 72, 677, 76, 570, 314, 181, 333, 636, 24, 61, 243, 223, 190, 709, 406, 390, 587, 38, 335, 509, 251, 653, 220, 522, 368, 545, 582, 45, 747, 715, 240, 661, 13, 62, 284, 403, 136, 529, 450, 205, 566, 172, 246, 185, 267, 455, 519, 617, 679, 461, 544, 28, 1, 457, 618, 241, 384, 307, 287, 514, 530, 553, 558, 742, 671, 332, 615, 206, 604, 22, 85, 658, 630, 53, 31, 52, 562, 178, 356, 208, 568, 532, 254, 714, 120, 565, 201, 589, 394, 29, 274, 463, 326, 142, 563, 327, 302, 410, 557, 291, 518, 12, 391, 276, 266, 54, 297, 242, 283, 36, 103, 34, 365, 657, 414, 90, 607, 650, 510, 506, 224, 362, 505, 312, 697, 346, 624, 173, 561, 301, 342, 74, 370, 576, 572, 328, 105, 413, 469, 642, 277, 541, 164, 540, 364, 104, 37, 183, 440, 459, 317, 550, 546, 252, 431, 725, 648, 746, 511, 42, 487, 294, 515, 369, 352, 192, 548, 94, 664, 325, 116, 454, 2, 359, 502, 432, 438, 425, 207, 4, 527, 626, 122, 599, 295, 209, 493, 354, 404, 377, 528, 60, 148, 736, 305, 523, 98, 655, 535, 478, 367, 674, 628, 157, 480, 483, 300, 137, 231, 693, 594, 571, 641, 330, 366, 549, 380, 275, 102, 639, 204, 705, 556, 25, 194, 386, 15, 476, 398, 126, 501, 542, 684, 560, 350, 726, 289, 269, 47, 227, 632, 497, 596, 259, 494, 703, 739, 500, 163, 222, 538, 732, 503, 702, 606, 421, 216, 721, 417, 462, 612, 101, 687, 256, 382, 99, 456, 385, 310, 355, 299, 110, 258, 591, 282, 159, 331, 127, 40, 345, 82, 286, 383, 125, 416, 162, 744, 619, 344, 281, 395, 32, 200, 616, 360, 145, 621, 171, 484, 280, 129, 682, 673, 247, 109, 713, 19, 196, 188, 260, 603, 123, 388, 7, 257, 212, 614, 698, 595, 666, 691, 520, 134, 470, 508, 643, 701, 357, 49, 686, 727, 397, 428, 564, 399, 590, 611, 678, 699, 622, 177, 586, 112, 153, 361, 278, 57, 228, 683, 322, 215, 672, 581, 50, 610, 517, 43, 737, 230, 150, 408, 203, 584, 152, 236, 465, 443, 86, 376, 293, 491, 234, 6, 296, 667, 387, 20, 555, 21, 547, 685, 121, 268, 133, 338, 471, 30, 341, 392, 430, 598, 580, 660, 9, 63, 669, 411, 627, 95, 676, 202, 704, 232, 186, 166, 420, 292, 198, 436, 179, 640, 39, 473, 321, 167, 475, 486, 225, 262, 422, 66, 168, 197, 26, 654, 735, 176, 304, 466, 340, 221, 59, 175, 113, 73, 189, 3, 738, 559, 51, 320, 634, 141, 625, 583, 156, 446, 424, 81, 623, 680, 349, 651, 407, 337, 288, 426, 261, 578, 363, 601, 248, 412, 552, 184, 749, 504, 272, 748, 659, 402, 400, 573, 437, 605, 593, 351, 588, 144, 174, 245, 96, 14, 273, 93, 83, 637, 405, 114, 118, 418, 663, 496, 89, 498, 8, 131, 597, 263, 55, 716, 372, 324, 488, 290, 492, 525, 161, 694, 23, 353, 182, 329, 253, 149, 464, 115, 499, 516, 533, 339, 688, 608, 80, 46, 265, 706, 70, 313, 733, 218, 35, 482, 210, 309, 58, 17, 169, 512, 531, 138, 656, 139, 419, 692, 575, 613, 722, 441, 646, 423, 303, 255, 100, 468, 710, 711, 264, 458, 219, 323, 68, 745, 467, 485, 119, 409, 452, 27, 187, 644, 567, 170, 396, 130, 707, 389, 279, 193, 633, 720, 97, 226, 728, 401, 146, 91, 442, 79, 343, 675, 620, 117, 472, 64, 695, 490, 731, 577, 92, 18, 65, 479, 375, 537, 629, 539, 358, 128, 108, 474, 724, 124, 77, 444, 84, 214, 271, 481, 645, 379, 158, 534, 507, 306, 429, 717, 524, 585, 453, 427, 602, 741, 308, 71, 708, 160, 551, 730, 334, 285, 690, 381, 513, 718, 495, 521, 249, 635, 11, 638, 574, 111, 67, 270, 743, 336, 316, 536, 460, 319, 348, 233, 298, 723, 311, 393, 592, 477, 543, 165, 180, 681, 88, 16, 154, 451, 239, 445, 449, 649, 48, 670, 489, 662, 609, 668, 140, 107, 155, 75, 10, 433, 448, 415, 132, 250, 689, 213, 740, 579, 87, 191, 318, 143, 647, 447, 315, 244, 5, 235, 238, 135, 151, 69, 147]"
"64","240.56962656974792","132804.078125","133717.1012904229","[0, 41, 665, 33, 374, 569, 435, 211, 373, 652, 229, 719, 696, 217, 371, 729, 199, 554, 347, 56, 600, 526, 237, 44, 712, 106, 631, 700, 195, 439, 734, 78, 434, 378, 72, 677, 76, 570, 314, 181, 333, 636, 24, 61, 243, 223, 190, 709, 406, 390, 587, 38, 335, 509, 251, 653, 220, 522, 368, 545, 582, 45, 747, 715, 240, 661, 13, 62, 284, 403, 136, 529, 450, 205, 566, 172, 246, 185, 267, 455, 519, 617, 679, 461, 544, 28, 1, 457, 618, 241, 384, 307, 287, 514, 530, 553, 558, 742, 671, 332, 615, 206, 604, 22, 85, 658, 630, 53, 31, 52, 562, 178, 356, 208, 568, 532, 254, 714, 120, 565, 201, 589, 394, 29, 274, 463, 326, 142, 563, 327, 302, 410, 557, 291, 518, 12, 391, 276, 266, 54, 297, 242, 283, 36, 103, 34, 365, 657, 414, 90, 607, 650, 510, 506, 224, 362, 505, 312, 697, 346, 624, 173, 561, 301, 342, 74, 370, 576, 572, 328, 105, 413, 469, 642, 277, 541, 164, 540, 364, 104, 37, 183, 440, 459, 317, 550, 546, 252, 431, 725, 648, 746, 511, 42, 487, 294, 515, 369, 352, 192, 548, 94, 664, 325, 116, 454, 2, 359, 502, 432, 438, 425, 207, 4, 527, 626, 122, 599, 295, 209, 493, 354, 404, 377, 528, 60, 148, 736, 305, 523, 98, 655, 535, 478, 367, 674, 628, 157, 480, 483, 300, 137, 231, 693, 594, 571, 641, 330, 366, 549, 380, 275, 102, 639, 204, 705, 556, 25, 194, 386, 15, 476, 398, 126, 501, 542, 684, 560, 350, 726, 289, 269, 47, 227, 632, 497, 596, 259, 494, 703, 739, 500, 163, 222, 538, 732, 503, 702, 606, 421, 216, 721, 417, 462, 612, 101, 687, 256, 382, 99, 456, 385, 310, 355, 299, 110, 258, 591, 282, 159, 331, 127, 40, 345, 82, 286, 383, 125, 416, 162, 744, 619, 344, 281, 395, 32, 200, 616, 360, 145, 621, 171, 484, 280, 129, 682, 673, 247, 109, 713, 19, 196, 188, 260, 603, 123, 388, 7, 257, 212, 614, 698, 595, 666, 691, 520, 134, 470, 508, 643, 701, 357, 49, 686, 727, 397, 428, 564, 399, 590, 611, 678, 699, 622, 177, 586, 112, 153, 361, 278, 57, 228, 683, 322, 215, 672, 581, 50, 610, 517, 43, 737, 230, 150, 408, 203, 584, 152, 236, 465, 443, 86, 376, 293, 491, 234, 6, 296, 667, 387, 20, 555, 21, 547, 685, 121, 268, 133, 338, 471, 30, 341, 392, 430, 598, 580, 660, 9, 63, 669, 411, 627, 95, 676, 202, 704, 232, 186, 166, 420, 39, 179, 473, 321, 640, 436, 198, 292, 167, 475, 486, 225, 262, 422, 66, 168, 197, 26, 654, 735, 176, 304, 466, 340, 221, 59, 175, 113, 73, 189, 3, 738, 559, 51, 320, 634, 141, 625, 583, 156, 446, 424, 81, 623, 680, 349, 651, 407, 337, 288, 426, 261, 578, 363, 601, 248, 412, 552, 184, 749, 504, 272, 748, 659, 402, 400, 573, 437, 605, 593, 351, 588, 144, 174, 245, 96, 14, 273, 93, 83, 637, 405, 114, 118, 418, 663, 496, 89, 498, 8, 131, 597, 263, 55, 716, 372, 324, 488, 290, 492, 525, 161, 694, 23, 353, 182, 329, 253, 149, 464, 115, 499, 516, 533, 339, 688, 608, 80, 46, 265, 706, 70, 313, 733, 218, 35, 482, 210, 309, 58, 17, 169, 512, 531, 138, 656, 139, 419, 692, 575, 613, 722, 441, 646, 423, 303, 255, 100, 468, 710, 711, 264, 458, 219, 323, 68, 745, 467, 485, 119, 409, 452, 27, 187, 644, 567, 170, 396, 130, 707, 389, 279, 193, 633, 720, 97, 226, 728, 401, 146, 91, 442, 79, 343, 675, 620, 117, 472, 64, 695, 490, 731, 577, 92, 18, 65, 479, 375, 537, 629, 539, 358, 128, 108, 474, 724, 124, 77, 444, 84, 214, 271, 481, 645, 379, 158, 534, 507, 306, 429, 717, 524, 585, 453, 427, 602, 741, 308, 71, 708, 160, 551, 730, 334, 285, 690, 381, 513, 718, 495, 521, 249, 635, 11, 638, 574, 111, 67, 270, 743, 336, 316, 536, 460, 319, 348, 233, 298, 723, 311, 393, 592, 477, 543, 165, 180, 681, 88, 16, 154, 451, 239, 445, 449, 649, 48, 670, 489, 662, 609, 668, 140, 107, 155, 75, 10, 433, 448, 415, 132, 250, 689, 213, 740, 579, 87, 191, 318, 143, 647, 447, 315, 244, 5, 235, 238, 135, 151, 69, 147]"
"65","244.37979674339294","132746.765625","133642.3855721393","[0, 41, 665, 33, 374, 569, 435, 211, 373, 652, 229, 719, 696, 217, 371, 729, 199, 554, 347, 56, 600, 526, 237, 44, 712, 106, 631, 700, 195, 439, 734, 78, 434, 378, 72, 677, 76, 570, 314, 181, 333, 636, 24, 61, 243, 223, 190, 709, 406, 390, 587, 38, 335, 509, 251, 653, 220, 522, 368, 545, 582, 45, 747, 715, 240, 661, 13, 62, 284, 403, 136, 529, 450, 205, 566, 172, 246, 185, 267, 455, 519, 617, 679, 461, 544, 28, 1, 457, 618, 241, 384, 307, 287, 514, 530, 553, 558, 742, 671, 332, 615, 206, 604, 22, 85, 658, 630, 53, 31, 52, 562, 178, 356, 208, 568, 532, 254, 714, 120, 565, 201, 589, 394, 29, 274, 463, 326, 142, 563, 327, 302, 410, 557, 291, 518, 12, 391, 276, 266, 54, 297, 242, 283, 36, 103, 34, 365, 657, 414, 90, 607, 650, 510, 506, 224, 362, 505, 312, 697, 346, 624, 173, 561, 301, 342, 74, 370, 576, 572, 328, 105, 413, 469, 642, 277, 541, 164, 540, 364, 104, 37, 183, 440, 459, 317, 550, 546, 252, 431, 725, 648, 746, 511, 42, 487, 294, 515, 369, 352, 192, 548, 94, 664, 325, 116, 454, 2, 359, 502, 432, 438, 425, 207, 4, 527, 626, 122, 599, 295, 209, 493, 354, 404, 377, 528, 60, 148, 736, 305, 523, 98, 655, 535, 478, 367, 674, 628, 157, 480, 483, 300, 137, 231, 693, 594, 571, 641, 330, 366, 549, 380, 275, 102, 639, 204, 705, 556, 25, 194, 386, 15, 476, 398, 126, 501, 542, 684, 560, 350, 726, 289, 269, 47, 227, 632, 497, 596, 259, 494, 703, 739, 500, 163, 222, 538, 732, 503, 702, 606, 421, 216, 721, 417, 462, 612, 101, 687, 256, 382, 99, 456, 385, 310, 355, 299, 110, 258, 591, 282, 159, 331, 127, 40, 345, 82, 286, 383, 125, 416, 162, 744, 619, 344, 281, 395, 32, 200, 616, 360, 145, 621, 171, 484, 280, 129, 682, 673, 247, 109, 713, 19, 196, 188, 260, 603, 123, 388, 7, 257, 212, 614, 698, 595, 666, 691, 520, 134, 470, 508, 643, 701, 357, 49, 686, 727, 397, 428, 564, 399, 590, 611, 678, 699, 622, 177, 586, 112, 153, 361, 278, 57, 228, 683, 322, 215, 672, 581, 50, 610, 517, 43, 737, 230, 150, 408, 203, 584, 152, 236, 465, 443, 86, 376, 293, 491, 234, 6, 296, 667, 387, 20, 555, 21, 547, 685, 121, 268, 133, 338, 471, 30, 341, 392, 430, 598, 580, 660, 9, 63, 669, 411, 627, 95, 676, 202, 704, 232, 186, 166, 420, 39, 179, 473, 321, 640, 436, 198, 292, 167, 475, 486, 225, 262, 422, 66, 168, 197, 26, 654, 735, 176, 304, 466, 340, 221, 59, 175, 113, 73, 189, 3, 738, 559, 51, 320, 634, 141, 625, 583, 156, 446, 424, 81, 623, 680, 349, 651, 407, 337, 288, 426, 261, 578, 363, 601, 248, 412, 552, 184, 749, 504, 272, 748, 659, 402, 400, 573, 437, 605, 593, 351, 588, 144, 174, 245, 96, 14, 273, 93, 83, 637, 405, 114, 118, 418, 663, 496, 89, 498, 131, 597, 263, 8, 55, 716, 372, 324, 488, 290, 492, 525, 161, 694, 23, 353, 182, 329, 253, 149, 464, 115, 499, 516, 533, 339, 688, 608, 80, 46, 265, 706, 70, 313, 733, 218, 35, 482, 210, 309, 58, 17, 169, 512, 531, 138, 656, 139, 419, 692, 575, 613, 722, 441, 646, 423, 303, 255, 100, 468, 710, 711, 264, 458, 219, 323, 68, 745, 467, 485, 119, 409, 452, 27, 187, 644, 567, 170, 396, 130, 707, 389, 279, 193, 633, 720, 97, 226, 728, 401, 146, 91, 442, 79, 343, 675, 620, 117, 472, 64, 695, 490, 731, 577, 92, 18, 65, 479, 375, 537, 629, 539, 358, 128, 108, 474, 724, 124, 77, 444, 84, 214, 271, 481, 645, 379, 158, 534, 507, 306, 429, 717, 524, 585, 453, 427, 602, 741, 308, 71, 708, 160, 551, 730, 334, 285, 690, 381, 513, 718, 495, 521, 249, 635, 11, 638, 574, 111, 67, 270, 743, 336, 316, 536, 460, 319, 348, 233, 298, 723, 311, 393, 592, 477, 543, 165, 180, 681, 88, 16, 154, 451, 239, 445, 449, 649, 48, 670, 489, 662, 609, 668, 140, 107, 155, 75, 10, 433, 448, 415, 132, 250, 689, 213, 740, 579, 87, 191, 318, 143, 647, 447, 315, 244, 5, 235, 238, 135, 151, 69, 147]"
"66","248.1889045238495","132746.765625","133667.01531405473","[0, 41, 665, 33, 374, 569, 435, 211, 373, 652, 229, 719, 696, 217, 371, 729, 199, 554, 347, 56, 600, 526, 237, 44, 712, 106, 631, 700, 195, 439, 734, 78, 434, 378, 72, 677, 76, 570, 314, 181, 333, 636, 24, 61, 243, 223, 190, 709, 406, 390, 587, 38, 335, 509, 251, 653, 220, 522, 368, 545, 582, 45, 747, 715, 240, 661, 13, 62, 284, 403, 136, 529, 450, 205, 566, 172, 246, 185, 267, 455, 519, 617, 679, 461, 544, 28, 1, 457, 618, 241, 384, 307, 287, 514, 530, 553, 558, 742, 671, 332, 615, 206, 604, 22, 85, 658, 630, 53, 31, 52, 562, 178, 356, 208, 568, 532, 254, 714, 120, 565, 201, 589, 394, 29, 274, 463, 326, 142, 563, 327, 302, 410, 557, 291, 518, 12, 391, 276, 266, 54, 297, 242, 283, 36, 103, 34, 365, 657, 414, 90, 607, 650, 510, 506, 224, 362, 505, 312, 697, 346, 624, 173, 561, 301, 342, 74, 370, 576, 572, 328, 105, 413, 469, 642, 277, 541, 164, 540, 364, 104, 37, 183, 440, 459, 317, 550, 546, 252, 431, 725, 648, 746, 511, 42, 487, 294, 515, 369, 352, 192, 548, 94, 664, 325, 116, 454, 2, 359, 502, 432, 438, 425, 207, 4, 527, 626, 122, 599, 295, 209, 493, 354, 404, 377, 528, 60, 148, 736, 305, 523, 98, 655, 535, 478, 367, 674, 628, 157, 480, 483, 300, 137, 231, 693, 594, 571, 641, 330, 366, 549, 380, 275, 102, 639, 204, 705, 556, 25, 194, 386, 15, 476, 398, 126, 501, 542, 684, 560, 350, 726, 289, 269, 47, 227, 632, 497, 596, 259, 494, 703, 739, 500, 163, 222, 538, 732, 503, 702, 606, 421, 216, 721, 417, 462, 612, 101, 687, 256, 382, 99, 456, 385, 310, 355, 299, 110, 258, 591, 282, 159, 331, 127, 40, 345, 82, 286, 383, 125, 416, 162, 744, 619, 344, 281, 395, 32, 200, 616, 360, 145, 621, 171, 484, 280, 129, 682, 673, 247, 109, 713, 19, 196, 188, 260, 603, 123, 388, 7, 257, 212, 614, 698, 595, 666, 691, 520, 134, 470, 508, 643, 701, 357, 49, 686, 727, 397, 428, 564, 399, 590, 611, 678, 699, 622, 177, 586, 112, 153, 361, 278, 57, 228, 683, 322, 215, 672, 581, 50, 610, 517, 43, 737, 230, 150, 408, 203, 584, 152, 236, 465, 443, 86, 376, 293, 491, 234, 6, 296, 667, 387, 20, 555, 21, 547, 685, 121, 268, 133, 338, 471, 30, 341, 392, 430, 598, 580, 660, 9, 63, 669, 411, 627, 95, 676, 202, 704, 232, 186, 166, 420, 39, 179, 473, 321, 640, 436, 198, 292, 167, 475, 486, 225, 262, 422, 66, 168, 197, 26, 654, 735, 176, 304, 466, 340, 221, 59, 175, 113, 73, 189, 3, 738, 559, 51, 320, 634, 141, 625, 583, 156, 446, 424, 81, 623, 680, 349, 651, 407, 337, 288, 426, 261, 578, 363, 601, 248, 412, 552, 184, 749, 504, 272, 748, 659, 402, 400, 573, 437, 605, 593, 351, 588, 144, 174, 245, 96, 14, 273, 93, 83, 637, 405, 114, 118, 418, 663, 496, 89, 498, 131, 597, 263, 8, 55, 716, 372, 324, 488, 290, 492, 525, 161, 694, 23, 353, 182, 329, 253, 149, 464, 115, 499, 516, 533, 339, 688, 608, 80, 46, 265, 706, 70, 313, 733, 218, 35, 482, 210, 309, 58, 17, 169, 512, 531, 138, 656, 139, 419, 692, 575, 613, 722, 441, 646, 423, 303, 255, 100, 468, 710, 711, 264, 458, 219, 323, 68, 745, 467, 485, 119, 409, 452, 27, 187, 644, 567, 170, 396, 130, 707, 389, 279, 193, 633, 720, 97, 226, 728, 401, 146, 91, 442, 79, 343, 675, 620, 117, 472, 64, 695, 490, 731, 577, 92, 18, 65, 479, 375, 537, 629, 539, 358, 128, 108, 474, 724, 124, 77, 444, 84, 214, 271, 481, 645, 379, 158, 534, 507, 306, 429, 717, 524, 585, 453, 427, 602, 741, 308, 71, 708, 160, 551, 730, 334, 285, 690, 381, 513, 718, 495, 521, 249, 635, 11, 638, 574, 111, 67, 270, 743, 336, 316, 536, 460, 319, 348, 233, 298, 723, 311, 393, 592, 477, 543, 165, 180, 681, 88, 16, 154, 451, 239, 445, 449, 649, 48, 670, 489, 662, 609, 668, 140, 107, 155, 75, 10, 433, 448, 415, 132, 250, 689, 213, 740, 579, 87, 191, 318, 143, 647, 447, 315, 244, 5, 235, 238, 135, 151, 69, 147]"
"67","251.97983980178833","132733.3125","133656.15306281095","[0, 41, 665, 33, 374, 569, 435, 211, 373, 652, 229, 719, 696, 217, 371, 729, 199, 554, 347, 56, 600, 526, 237, 44, 712, 106, 631, 700, 195, 439, 734, 78, 434, 378, 72, 677, 76, 570, 314, 181, 333, 636, 24, 61, 243, 223, 190, 709, 406, 390, 587, 38, 335, 509, 251, 653, 220, 522, 368, 545, 582, 45, 747, 715, 240, 661, 13, 62, 284, 403, 136, 529, 450, 205, 566, 172, 246, 185, 267, 455, 519, 617, 679, 461, 544, 28, 1, 457, 618, 241, 384, 307, 287, 514, 530, 553, 558, 742, 671, 332, 615, 206, 604, 22, 85, 658, 630, 53, 31, 52, 562, 178, 356, 208, 568, 532, 254, 714, 120, 565, 201, 589, 394, 29, 274, 463, 326, 142, 563, 327, 302, 410, 557, 291, 518, 12, 391, 276, 266, 54, 297, 242, 283, 36, 103, 34, 365, 657, 414, 90, 607, 650, 510, 506, 224, 362, 505, 312, 697, 346, 624, 173, 561, 301, 342, 74, 370, 576, 572, 328, 105, 413, 469, 642, 277, 541, 164, 540, 364, 104, 37, 183, 440, 459, 317, 550, 546, 252, 431, 725, 648, 746, 511, 42, 487, 294, 515, 369, 352, 192, 548, 94, 664, 325, 116, 454, 2, 359, 502, 432, 438, 425, 207, 4, 527, 626, 122, 599, 295, 209, 493, 354, 404, 377, 528, 60, 148, 736, 305, 523, 98, 655, 535, 478, 367, 674, 628, 157, 480, 483, 300, 137, 231, 693, 594, 571, 641, 330, 366, 549, 380, 275, 102, 639, 204, 705, 556, 25, 194, 386, 15, 476, 398, 126, 501, 542, 684, 560, 350, 726, 289, 269, 47, 227, 632, 497, 596, 259, 494, 703, 739, 500, 163, 222, 538, 732, 503, 702, 606, 421, 216, 721, 417, 462, 612, 101, 687, 256, 382, 99, 456, 385, 310, 355, 299, 110, 258, 591, 282, 159, 331, 127, 40, 345, 82, 286, 383, 125, 416, 162, 744, 619, 344, 281, 395, 32, 200, 616, 360, 145, 621, 171, 484, 280, 129, 682, 673, 247, 109, 713, 19, 196, 188, 260, 603, 123, 388, 7, 257, 212, 614, 698, 595, 666, 691, 520, 134, 470, 508, 643, 701, 357, 49, 686, 727, 397, 428, 564, 399, 590, 611, 678, 699, 622, 177, 586, 112, 153, 361, 278, 57, 228, 683, 322, 215, 672, 581, 50, 610, 517, 43, 737, 230, 150, 408, 203, 584, 152, 236, 465, 443, 86, 376, 293, 491, 234, 6, 296, 667, 387, 20, 555, 21, 547, 685, 121, 268, 133, 338, 471, 30, 341, 392, 430, 598, 580, 660, 9, 63, 669, 411, 627, 95, 676, 202, 704, 232, 186, 166, 420, 39, 179, 473, 321, 640, 436, 198, 292, 167, 475, 486, 225, 262, 422, 66, 168, 197, 26, 654, 735, 176, 304, 466, 340, 221, 59, 175, 113, 73, 189, 3, 738, 559, 51, 320, 634, 141, 625, 583, 156, 446, 424, 81, 623, 680, 349, 651, 407, 337, 288, 426, 261, 578, 363, 601, 248, 412, 552, 184, 749, 504, 272, 748, 659, 402, 400, 573, 437, 605, 593, 351, 588, 144, 174, 245, 96, 14, 273, 93, 83, 637, 405, 114, 118, 418, 663, 496, 89, 498, 131, 597, 263, 8, 55, 716, 372, 324, 488, 290, 492, 525, 161, 694, 23, 353, 182, 329, 253, 149, 464, 115, 499, 516, 533, 339, 688, 608, 80, 46, 265, 706, 70, 313, 733, 218, 35, 482, 210, 309, 58, 17, 169, 512, 531, 138, 656, 139, 419, 692, 575, 613, 722, 441, 646, 423, 303, 255, 264, 710, 468, 100, 711, 219, 458, 323, 68, 745, 467, 485, 119, 409, 452, 27, 187, 644, 567, 170, 396, 130, 707, 389, 279, 193, 633, 720, 97, 226, 728, 401, 146, 91, 442, 79, 343, 675, 620, 117, 472, 64, 695, 490, 731, 577, 92, 18, 65, 479, 375, 537, 629, 539, 358, 128, 108, 474, 724, 124, 77, 444, 84, 214, 271, 481, 645, 379, 158, 534, 507, 306, 429, 717, 524, 585, 453, 427, 602, 741, 308, 71, 708, 160, 551, 730, 334, 285, 690, 381, 513, 718, 495, 521, 249, 635, 11, 638, 574, 111, 67, 270, 743, 336, 316, 536, 460, 319, 348, 233, 298, 723, 311, 393, 592, 477, 543, 165, 180, 681, 88, 16, 154, 451, 239, 445, 449, 649, 48, 670, 489, 662, 609, 668, 140, 107, 155, 75, 10, 433, 448, 415, 132, 250, 689, 213, 740, 579, 87, 191, 318, 143, 647, 447, 315, 244, 5, 235, 238, 135, 151, 69, 147]"
"68","255.78020787239075","132732.4375","133583.29532027364","[0, 41, 665, 33, 374, 569, 435, 211, 373, 652, 229, 719, 696, 217, 371, 729, 199, 554, 347, 56, 600, 526, 237, 44, 712, 106, 631, 700, 195, 439, 734, 78, 434, 378, 72, 677, 76, 570, 314, 181, 333, 636, 24, 61, 243, 223, 190, 709, 406, 587, 38, 335, 390, 509, 251, 653, 220, 522, 368, 545, 582, 45, 747, 715, 240, 661, 13, 62, 284, 403, 136, 529, 450, 205, 566, 172, 246, 185, 267, 455, 519, 617, 679, 461, 544, 28, 1, 457, 618, 241, 384, 307, 287, 514, 530, 553, 558, 742, 671, 332, 615, 206, 604, 22, 85, 658, 630, 53, 31, 52, 562, 178, 356, 208, 568, 532, 254, 714, 120, 565, 201, 589, 394, 29, 274, 463, 326, 142, 563, 327, 302, 410, 557, 291, 518, 12, 391, 276, 266, 54, 297, 242, 283, 36, 103, 34, 365, 657, 414, 90, 607, 650, 510, 506, 224, 362, 505, 312, 697, 346, 624, 173, 561, 301, 342, 74, 370, 576, 572, 328, 105, 413, 469, 642, 277, 541, 164, 540, 364, 104, 37, 183, 440, 459, 317, 550, 546, 252, 431, 725, 648, 746, 511, 42, 487, 294, 515, 369, 352, 192, 548, 94, 664, 325, 116, 454, 2, 359, 502, 432, 438, 425, 207, 4, 527, 626, 122, 599, 295, 209, 493, 354, 404, 377, 528, 60, 148, 736, 305, 523, 98, 655, 535, 478, 367, 674, 628, 157, 480, 483, 300, 137, 231, 693, 594, 571, 641, 330, 366, 549, 380, 275, 102, 639, 204, 705, 556, 25, 194, 386, 15, 476, 398, 126, 501, 542, 684, 560, 350, 726, 289, 269, 47, 227, 632, 497, 596, 259, 494, 703, 739, 500, 163, 222, 538, 732, 503, 702, 606, 421, 216, 721, 417, 462, 612, 101, 687, 256, 382, 99, 456, 385, 310, 355, 299, 110, 258, 591, 282, 159, 331, 127, 40, 345, 82, 286, 383, 125, 416, 162, 744, 619, 344, 281, 395, 32, 200, 616, 360, 145, 621, 171, 484, 280, 129, 682, 673, 247, 109, 713, 19, 196, 188, 260, 603, 123, 388, 7, 257, 212, 614, 698, 595, 666, 691, 520, 134, 470, 508, 643, 701, 357, 49, 686, 727, 397, 428, 564, 399, 590, 611, 678, 699, 622, 177, 586, 112, 153, 361, 278, 57, 228, 683, 322, 215, 672, 581, 50, 610, 517, 43, 737, 230, 150, 408, 203, 584, 152, 236, 465, 443, 86, 376, 293, 491, 234, 6, 296, 667, 387, 20, 555, 21, 547, 685, 121, 268, 133, 338, 471, 30, 341, 392, 430, 598, 580, 660, 9, 63, 669, 411, 627, 95, 676, 202, 704, 232, 186, 166, 420, 39, 179, 473, 321, 640, 436, 198, 292, 167, 475, 486, 225, 262, 422, 66, 168, 197, 26, 654, 735, 176, 304, 466, 340, 221, 59, 175, 113, 73, 189, 3, 738, 559, 51, 320, 634, 141, 625, 583, 156, 446, 424, 81, 623, 680, 349, 651, 407, 337, 288, 426, 261, 578, 363, 601, 248, 412, 552, 184, 749, 504, 272, 748, 659, 402, 400, 573, 437, 605, 593, 351, 588, 144, 174, 245, 96, 14, 273, 93, 83, 637, 405, 114, 118, 418, 663, 496, 89, 498, 131, 597, 263, 8, 55, 716, 372, 324, 488, 290, 492, 525, 161, 694, 23, 353, 182, 329, 253, 149, 464, 115, 499, 516, 533, 339, 688, 608, 80, 46, 265, 706, 70, 313, 733, 218, 35, 482, 210, 309, 58, 17, 169, 512, 531, 138, 656, 139, 419, 692, 575, 613, 722, 441, 646, 423, 303, 255, 264, 710, 468, 100, 711, 219, 458, 323, 68, 745, 467, 485, 119, 409, 452, 27, 187, 644, 567, 170, 396, 130, 707, 389, 279, 193, 633, 720, 97, 226, 728, 401, 146, 91, 442, 79, 343, 675, 620, 117, 472, 64, 695, 490, 731, 577, 92, 18, 65, 479, 375, 537, 629, 539, 358, 128, 108, 474, 724, 124, 77, 444, 84, 214, 271, 481, 645, 379, 158, 534, 507, 306, 429, 717, 524, 585, 453, 427, 602, 741, 308, 71, 708, 160, 551, 730, 334, 285, 690, 381, 513, 718, 495, 521, 249, 635, 11, 638, 574, 111, 67, 270, 743, 336, 316, 536, 460, 319, 348, 233, 298, 723, 311, 393, 592, 477, 543, 165, 180, 681, 88, 16, 154, 451, 239, 445, 449, 649, 48, 670, 489, 662, 609, 668, 140, 107, 155, 75, 10, 433, 448, 415, 132, 250, 689, 213, 740, 579, 87, 191, 318, 143, 647, 447, 315, 244, 5, 235, 238, 135, 151, 69, 147]"
"69","259.5749759674072","132696.421875","133578.08193407962","[0, 41, 665, 33, 374, 569, 435, 211, 373, 652, 229, 719, 696, 217, 371, 729, 199, 554, 347, 56, 600, 526, 237, 44, 712, 106, 631, 700, 195, 439, 734, 78, 434, 378, 72, 677, 76, 570, 314, 181, 333, 636, 24, 61, 243, 223, 190, 709, 406, 390, 587, 38, 335, 509, 251, 653, 220, 522, 368, 545, 582, 45, 747, 715, 240, 661, 13, 62, 284, 403, 136, 529, 450, 205, 566, 172, 246, 185, 267, 455, 519, 617, 679, 461, 544, 28, 1, 457, 618, 241, 384, 307, 287, 514, 530, 553, 558, 742, 671, 332, 615, 206, 604, 22, 85, 658, 630, 53, 31, 52, 562, 178, 356, 208, 568, 532, 254, 714, 120, 565, 201, 589, 394, 29, 274, 463, 326, 142, 563, 327, 302, 410, 557, 291, 518, 12, 391, 276, 266, 54, 297, 242, 283, 36, 103, 34, 365, 657, 414, 90, 607, 650, 510, 506, 224, 362, 505, 312, 697, 346, 624, 173, 561, 301, 342, 74, 370, 576, 572, 328, 105, 413, 469, 642, 277, 541, 164, 540, 364, 104, 37, 183, 440, 459, 317, 550, 546, 252, 431, 725, 648, 746, 511, 42, 487, 294, 515, 369, 352, 192, 548, 94, 664, 325, 116, 454, 2, 359, 502, 432, 438, 425, 207, 4, 527, 626, 122, 599, 295, 209, 493, 354, 404, 377, 528, 60, 148, 736, 305, 523, 98, 655, 535, 478, 367, 674, 628, 157, 480, 483, 300, 137, 231, 693, 594, 571, 641, 330, 366, 549, 380, 275, 102, 639, 204, 705, 556, 25, 194, 386, 15, 476, 398, 126, 501, 542, 684, 560, 350, 726, 289, 269, 47, 227, 632, 497, 596, 259, 494, 703, 739, 500, 163, 222, 538, 732, 503, 702, 606, 421, 216, 721, 417, 462, 612, 101, 687, 256, 382, 99, 456, 385, 310, 355, 299, 110, 258, 591, 282, 159, 331, 127, 40, 345, 82, 286, 383, 125, 416, 162, 744, 619, 344, 281, 395, 32, 200, 616, 360, 145, 621, 171, 484, 280, 129, 682, 673, 247, 109, 713, 19, 196, 188, 260, 603, 123, 388, 7, 257, 212, 614, 698, 595, 666, 691, 520, 134, 470, 508, 643, 701, 357, 49, 686, 727, 397, 428, 564, 399, 590, 611, 678, 699, 622, 177, 586, 112, 153, 361, 278, 57, 228, 683, 322, 215, 672, 581, 50, 610, 517, 43, 737, 230, 150, 408, 203, 584, 152, 236, 465, 443, 86, 376, 293, 491, 234, 6, 296, 667, 387, 20, 555, 21, 547, 685, 121, 268, 133, 338, 471, 30, 341, 392, 430, 598, 580, 660, 9, 63, 669, 411, 627, 95, 676, 202, 704, 232, 186, 166, 420, 39, 179, 473, 321, 640, 436, 198, 292, 167, 475, 486, 225, 262, 422, 66, 168, 197, 26, 654, 735, 176, 304, 466, 340, 221, 59, 175, 113, 73, 189, 3, 738, 559, 51, 320, 634, 141, 625, 583, 156, 446, 424, 81, 623, 680, 349, 651, 407, 337, 288, 426, 261, 578, 363, 601, 248, 412, 552, 184, 749, 504, 272, 748, 659, 402, 400, 573, 437, 605, 593, 351, 588, 144, 174, 245, 96, 14, 273, 93, 83, 637, 405, 114, 118, 418, 663, 496, 89, 498, 131, 597, 263, 8, 55, 716, 372, 324, 488, 290, 492, 525, 161, 694, 23, 353, 182, 329, 253, 149, 464, 115, 499, 516, 533, 339, 688, 608, 80, 46, 265, 706, 70, 313, 733, 218, 35, 482, 210, 309, 58, 17, 169, 512, 531, 138, 656, 441, 613, 419, 575, 692, 722, 139, 646, 423, 303, 255, 264, 710, 468, 100, 711, 219, 458, 323, 68, 745, 467, 485, 119, 409, 452, 27, 187, 644, 567, 170, 396, 130, 707, 389, 279, 193, 633, 720, 97, 226, 728, 401, 146, 91, 442, 79, 343, 675, 620, 117, 472, 64, 695, 490, 731, 577, 92, 18, 65, 479, 375, 537, 629, 539, 358, 128, 108, 474, 724, 124, 77, 444, 84, 214, 271, 481, 645, 379, 158, 534, 507, 306, 429, 717, 524, 585, 453, 427, 602, 741, 308, 71, 708, 160, 551, 730, 334, 285, 690, 381, 513, 718, 495, 521, 249, 635, 11, 638, 574, 111, 67, 270, 743, 336, 316, 536, 460, 319, 348, 233, 298, 723, 311, 393, 592, 477, 543, 165, 180, 681, 88, 16, 154, 451, 239, 445, 449, 649, 48, 670, 489, 662, 609, 668, 140, 107, 155, 75, 10, 433, 448, 415, 132, 250, 689, 213, 740, 579, 87, 191, 318, 143, 647, 447, 315, 244, 5, 235, 238, 135, 151, 69, 147]"
"70","263.3736979961395","132676.75","133543.6846237562","[0, 41, 665, 33, 374, 569, 435, 211, 373, 652, 229, 719, 696, 217, 371, 729, 199, 554, 347, 56, 600, 526, 237, 44, 712, 106, 631, 700, 195, 439, 734, 78, 434, 378, 72, 677, 76, 570, 314, 181, 333, 636, 24, 61, 243, 223, 190, 709, 406, 390, 587, 38, 335, 509, 251, 653, 220, 522, 368, 545, 582, 45, 747, 715, 240, 661, 13, 62, 284, 403, 136, 529, 450, 205, 566, 172, 246, 185, 267, 455, 519, 617, 679, 461, 544, 28, 1, 457, 618, 241, 384, 307, 287, 514, 530, 553, 558, 742, 671, 332, 615, 206, 604, 22, 85, 658, 630, 53, 31, 52, 562, 178, 356, 208, 568, 532, 254, 714, 120, 565, 201, 589, 394, 29, 274, 463, 326, 142, 563, 327, 302, 410, 557, 291, 518, 12, 391, 276, 266, 54, 297, 242, 283, 36, 103, 34, 365, 657, 414, 90, 607, 650, 510, 506, 224, 362, 505, 312, 697, 346, 624, 173, 561, 301, 342, 74, 370, 576, 572, 328, 105, 413, 469, 642, 277, 541, 164, 540, 364, 104, 37, 183, 440, 459, 317, 550, 546, 252, 431, 725, 648, 746, 511, 42, 487, 294, 515, 369, 352, 192, 548, 94, 664, 325, 116, 454, 2, 359, 502, 432, 438, 425, 207, 4, 527, 626, 122, 599, 295, 209, 493, 354, 404, 377, 528, 60, 148, 736, 305, 523, 98, 655, 535, 478, 367, 674, 628, 157, 480, 483, 300, 137, 231, 693, 594, 571, 641, 330, 366, 549, 380, 275, 102, 639, 204, 705, 556, 25, 194, 386, 15, 476, 398, 126, 501, 542, 684, 560, 350, 726, 289, 269, 47, 227, 632, 497, 596, 259, 494, 703, 739, 500, 163, 222, 538, 732, 503, 702, 606, 421, 216, 721, 417, 462, 612, 101, 687, 256, 382, 99, 456, 385, 310, 355, 299, 110, 258, 591, 282, 159, 331, 127, 40, 345, 82, 286, 383, 125, 416, 162, 744, 619, 344, 281, 395, 32, 200, 616, 360, 145, 621, 171, 484, 280, 129, 682, 673, 247, 109, 713, 19, 196, 188, 260, 603, 123, 388, 7, 257, 212, 614, 698, 595, 666, 691, 520, 134, 470, 508, 643, 701, 357, 49, 686, 727, 397, 428, 564, 399, 590, 611, 678, 699, 622, 177, 586, 112, 153, 361, 278, 57, 228, 683, 322, 215, 672, 581, 50, 610, 43, 517, 737, 230, 150, 408, 203, 584, 152, 236, 465, 443, 86, 376, 293, 491, 234, 6, 296, 667, 387, 20, 555, 21, 547, 685, 121, 268, 133, 338, 471, 30, 341, 392, 430, 598, 580, 660, 9, 63, 669, 411, 627, 95, 676, 202, 704, 232, 186, 166, 420, 39, 179, 473, 321, 640, 436, 198, 292, 167, 475, 486, 225, 262, 422, 66, 168, 197, 26, 654, 735, 176, 304, 466, 340, 221, 59, 175, 113, 73, 189, 3, 738, 559, 51, 320, 634, 141, 625, 583, 156, 446, 424, 81, 623, 680, 349, 651, 407, 337, 288, 426, 261, 578, 363, 601, 248, 412, 552, 184, 749, 504, 272, 748, 659, 402, 400, 573, 437, 605, 593, 351, 588, 144, 174, 245, 96, 14, 273, 93, 83, 637, 405, 114, 118, 418, 663, 496, 89, 498, 131, 597, 263, 8, 55, 716, 372, 324, 488, 290, 492, 525, 161, 694, 23, 353, 182, 329, 253, 149, 464, 115, 499, 516, 533, 339, 688, 608, 80, 46, 265, 706, 70, 313, 733, 218, 35, 482, 210, 309, 58, 17, 169, 512, 531, 138, 656, 441, 613, 419, 575, 692, 722, 139, 646, 423, 303, 255, 264, 710, 468, 100, 711, 219, 458, 323, 68, 745, 467, 485, 119, 409, 452, 27, 187, 644, 567, 170, 396, 130, 707, 389, 279, 193, 633, 720, 97, 226, 728, 401, 146, 91, 442, 79, 343, 675, 620, 117, 472, 64, 695, 490, 731, 577, 92, 18, 65, 479, 375, 537, 629, 539, 358, 128, 108, 474, 724, 124, 77, 444, 84, 214, 271, 481, 645, 379, 158, 534, 507, 306, 429, 717, 524, 585, 453, 427, 602, 741, 308, 71, 708, 160, 551, 730, 334, 285, 690, 381, 513, 718, 495, 521, 249, 635, 11, 638, 574, 111, 67, 270, 743, 336, 316, 536, 460, 319, 348, 233, 298, 723, 311, 393, 592, 477, 543, 165, 180, 681, 88, 16, 154, 451, 239, 445, 449, 649, 48, 670, 489, 662, 609, 668, 140, 107, 155, 75, 10, 433, 448, 415, 132, 250, 689, 213, 740, 579, 87, 191, 318, 143, 647, 447, 315, 244, 5, 235, 238, 135, 151, 69, 147]"
"71","267.18599009513855","132662.96875","133539.17599502488","[0, 41, 665, 33, 374, 569, 435, 211, 373, 652, 229, 719, 696, 217, 371, 729, 199, 554, 347, 56, 600, 526, 237, 44, 712, 106, 631, 700, 195, 439, 734, 78, 434, 378, 72, 677, 76, 570, 314, 181, 333, 636, 24, 61, 243, 223, 190, 709, 406, 587, 38, 335, 390, 509, 251, 653, 220, 522, 368, 545, 582, 45, 747, 715, 240, 661, 13, 62, 284, 403, 136, 529, 450, 205, 566, 172, 246, 185, 267, 455, 519, 617, 679, 461, 544, 28, 1, 457, 618, 241, 384, 307, 287, 514, 530, 553, 558, 742, 671, 332, 615, 206, 604, 22, 85, 658, 630, 53, 31, 52, 562, 178, 356, 208, 568, 532, 254, 714, 120, 565, 201, 589, 394, 29, 274, 463, 326, 142, 563, 327, 302, 410, 557, 297, 518, 291, 12, 391, 276, 266, 54, 242, 283, 36, 103, 34, 365, 657, 414, 90, 607, 650, 510, 506, 224, 362, 505, 312, 697, 346, 624, 173, 561, 301, 342, 74, 370, 576, 572, 328, 105, 413, 469, 642, 277, 541, 164, 540, 364, 104, 37, 183, 440, 459, 317, 550, 546, 252, 431, 725, 648, 746, 511, 42, 487, 294, 515, 369, 352, 192, 548, 94, 664, 325, 116, 454, 2, 359, 502, 432, 438, 425, 207, 4, 527, 626, 122, 599, 295, 209, 493, 354, 404, 377, 528, 60, 148, 736, 305, 523, 98, 655, 535, 478, 367, 674, 628, 157, 480, 483, 300, 137, 231, 693, 594, 571, 641, 330, 366, 549, 380, 275, 102, 639, 204, 705, 556, 25, 194, 386, 15, 476, 398, 126, 501, 542, 684, 560, 350, 726, 289, 269, 47, 227, 632, 497, 596, 259, 494, 703, 739, 500, 163, 222, 538, 732, 503, 702, 606, 421, 216, 721, 417, 462, 612, 101, 687, 256, 382, 99, 456, 385, 310, 355, 299, 110, 258, 591, 282, 159, 331, 127, 40, 345, 82, 286, 383, 125, 416, 162, 744, 619, 344, 281, 395, 32, 200, 616, 360, 145, 621, 171, 484, 280, 129, 682, 673, 247, 109, 713, 19, 196, 188, 260, 603, 123, 388, 7, 257, 212, 614, 698, 595, 666, 691, 520, 134, 470, 508, 643, 701, 357, 49, 686, 727, 397, 428, 564, 399, 590, 611, 678, 699, 622, 177, 586, 112, 153, 361, 278, 57, 228, 683, 322, 215, 672, 581, 50, 610, 517, 43, 737, 230, 150, 408, 203, 584, 152, 236, 465, 443, 86, 376, 293, 491, 234, 6, 296, 667, 387, 20, 555, 21, 547, 685, 121, 268, 133, 338, 471, 30, 341, 392, 430, 598, 580, 660, 9, 63, 669, 411, 627, 95, 676, 202, 704, 232, 186, 166, 420, 39, 179, 473, 321, 640, 436, 198, 292, 167, 475, 486, 225, 262, 422, 66, 168, 197, 26, 654, 735, 176, 304, 466, 340, 221, 59, 175, 113, 73, 189, 3, 738, 559, 51, 320, 634, 141, 625, 583, 156, 446, 424, 81, 623, 680, 349, 651, 407, 337, 288, 426, 261, 578, 363, 601, 248, 412, 552, 184, 749, 504, 272, 748, 659, 402, 400, 573, 437, 605, 593, 351, 588, 144, 174, 245, 96, 14, 273, 93, 83, 637, 405, 114, 118, 418, 663, 496, 89, 498, 131, 597, 263, 8, 55, 716, 372, 324, 488, 290, 492, 525, 161, 694, 23, 353, 182, 329, 253, 149, 464, 115, 499, 516, 533, 339, 688, 608, 80, 46, 265, 706, 70, 313, 733, 218, 35, 482, 210, 309, 58, 17, 169, 512, 531, 138, 656, 441, 613, 419, 575, 692, 722, 139, 646, 423, 303, 255, 264, 710, 468, 100, 711, 219, 458, 323, 68, 745, 467, 485, 119, 409, 452, 27, 187, 644, 567, 170, 396, 130, 707, 389, 279, 193, 633, 720, 97, 226, 728, 401, 146, 91, 442, 79, 343, 675, 620, 117, 472, 64, 695, 490, 731, 577, 92, 18, 65, 479, 375, 537, 629, 539, 358, 128, 108, 474, 724, 124, 77, 444, 84, 214, 271, 481, 645, 379, 158, 534, 507, 306, 429, 717, 524, 585, 453, 427, 602, 741, 308, 71, 708, 160, 551, 730, 334, 285, 690, 381, 513, 718, 495, 521, 249, 635, 11, 638, 574, 111, 67, 270, 743, 336, 316, 536, 460, 319, 348, 233, 298, 723, 311, 393, 592, 477, 543, 165, 180, 681, 88, 16, 154, 451, 239, 445, 449, 649, 48, 670, 489, 662, 609, 668, 140, 107, 155, 75, 10, 433, 448, 415, 132, 250, 689, 213, 740, 579, 87, 191, 318, 143, 647, 447, 315, 244, 5, 235, 238, 135, 151, 69, 147]"
"72","271.00105571746826","132616.90625","133545.9382773632","[0, 41, 665, 33, 374, 569, 435, 211, 373, 652, 229, 719, 696, 217, 371, 729, 199, 554, 347, 56, 600, 526, 237, 44, 712, 106, 631, 700, 195, 439, 734, 78, 434, 378, 72, 677, 76, 570, 314, 181, 333, 636, 24, 61, 243, 223, 190, 709, 406, 390, 587, 38, 335, 509, 251, 653, 220, 522, 368, 545, 582, 45, 747, 715, 240, 661, 13, 62, 284, 403, 136, 529, 450, 205, 566, 172, 246, 185, 267, 455, 519, 617, 679, 461, 544, 28, 1, 457, 618, 241, 384, 307, 287, 514, 530, 553, 558, 742, 671, 332, 615, 206, 604, 22, 85, 658, 630, 53, 31, 52, 562, 178, 356, 208, 568, 532, 254, 714, 120, 565, 201, 589, 394, 29, 274, 463, 326, 142, 563, 327, 302, 410, 557, 291, 12, 391, 276, 266, 54, 297, 518, 242, 283, 36, 103, 34, 365, 657, 414, 90, 607, 650, 510, 506, 224, 362, 505, 312, 697, 346, 624, 173, 561, 301, 342, 74, 370, 576, 572, 328, 105, 413, 469, 642, 277, 541, 164, 540, 364, 104, 37, 183, 440, 459, 317, 550, 546, 252, 431, 725, 648, 746, 511, 42, 487, 294, 515, 369, 352, 192, 548, 94, 664, 325, 116, 454, 2, 359, 502, 432, 438, 425, 207, 4, 527, 626, 122, 599, 295, 209, 493, 354, 404, 377, 528, 60, 148, 736, 305, 523, 98, 655, 535, 478, 367, 674, 628, 157, 480, 483, 300, 137, 231, 693, 594, 571, 641, 330, 366, 549, 380, 275, 102, 639, 204, 705, 556, 25, 194, 386, 15, 476, 398, 126, 501, 542, 684, 560, 350, 726, 289, 269, 47, 227, 632, 497, 596, 259, 494, 703, 739, 500, 163, 222, 538, 732, 503, 702, 606, 421, 216, 721, 417, 462, 612, 101, 687, 256, 382, 99, 456, 385, 310, 355, 299, 110, 258, 591, 282, 159, 331, 127, 40, 345, 82, 286, 383, 125, 416, 162, 744, 619, 344, 281, 395, 32, 200, 616, 360, 145, 621, 171, 484, 280, 129, 682, 673, 247, 109, 713, 19, 196, 188, 260, 603, 123, 388, 212, 257, 7, 691, 698, 595, 666, 614, 520, 134, 470, 508, 643, 701, 357, 49, 686, 727, 397, 428, 564, 399, 590, 611, 678, 699, 622, 177, 586, 112, 153, 361, 278, 57, 228, 683, 322, 215, 672, 581, 50, 610, 43, 517, 737, 230, 150, 408, 203, 584, 152, 236, 465, 443, 86, 376, 293, 491, 234, 6, 296, 667, 387, 20, 555, 21, 547, 685, 121, 268, 133, 338, 471, 30, 341, 392, 430, 598, 580, 660, 9, 63, 669, 411, 627, 95, 676, 202, 704, 232, 186, 166, 420, 39, 179, 473, 321, 640, 436, 198, 292, 167, 475, 486, 225, 262, 422, 66, 168, 197, 26, 654, 735, 176, 304, 466, 340, 221, 59, 175, 113, 73, 189, 3, 738, 559, 51, 320, 634, 141, 625, 583, 156, 446, 424, 81, 623, 680, 349, 651, 407, 337, 288, 426, 261, 578, 363, 601, 248, 412, 552, 184, 749, 504, 272, 748, 659, 402, 400, 573, 437, 605, 593, 351, 588, 144, 174, 245, 96, 14, 273, 93, 83, 637, 405, 114, 118, 418, 663, 496, 89, 498, 131, 597, 263, 8, 55, 716, 372, 324, 488, 290, 492, 525, 161, 694, 23, 353, 182, 329, 253, 149, 464, 115, 499, 516, 533, 339, 688, 608, 80, 46, 265, 706, 70, 313, 733, 218, 35, 482, 210, 309, 58, 17, 169, 512, 531, 138, 656, 441, 613, 419, 575, 692, 722, 139, 646, 423, 303, 255, 264, 710, 468, 100, 711, 219, 458, 323, 68, 745, 467, 485, 119, 409, 452, 27, 187, 644, 567, 170, 396, 130, 707, 389, 279, 193, 633, 720, 97, 226, 728, 401, 146, 91, 442, 79, 343, 675, 620, 117, 472, 64, 695, 490, 731, 577, 92, 18, 65, 479, 375, 537, 629, 539, 358, 128, 108, 474, 724, 124, 77, 444, 84, 214, 271, 481, 645, 379, 158, 534, 507, 306, 429, 717, 524, 585, 453, 427, 602, 741, 308, 71, 708, 160, 551, 730, 334, 285, 690, 381, 513, 718, 495, 521, 249, 635, 11, 638, 574, 111, 67, 270, 743, 336, 316, 536, 460, 319, 348, 233, 298, 723, 311, 393, 592, 477, 543, 165, 180, 681, 88, 16, 154, 451, 239, 445, 449, 649, 48, 670, 489, 662, 609, 668, 140, 107, 155, 75, 10, 433, 448, 415, 132, 250, 689, 213, 740, 579, 87, 191, 318, 143, 647, 447, 315, 244, 5, 235, 238, 135, 151, 69, 147]"
"73","274.81989669799805","132605.828125","133447.75730721393","[0, 41, 665, 33, 374, 569, 435, 211, 373, 652, 229, 719, 696, 217, 371, 729, 199, 554, 347, 56, 600, 526, 237, 44, 712, 106, 631, 700, 195, 439, 734, 78, 434, 378, 72, 677, 76, 570, 314, 181, 333, 636, 24, 61, 243, 223, 190, 709, 406, 390, 587, 38, 335, 509, 251, 653, 220, 522, 368, 545, 582, 45, 747, 715, 240, 661, 13, 62, 284, 403, 136, 529, 450, 205, 566, 172, 246, 185, 267, 455, 519, 617, 679, 461, 544, 28, 1, 457, 618, 241, 384, 307, 287, 514, 530, 553, 558, 742, 671, 332, 615, 206, 604, 22, 85, 658, 630, 53, 31, 52, 562, 178, 356, 208, 568, 532, 254, 714, 120, 565, 201, 589, 394, 29, 274, 463, 326, 142, 563, 327, 302, 410, 557, 291, 12, 391, 276, 266, 54, 297, 518, 242, 283, 36, 103, 34, 365, 657, 414, 90, 607, 650, 510, 506, 224, 362, 505, 312, 697, 346, 624, 173, 561, 301, 342, 74, 370, 576, 572, 328, 105, 413, 469, 642, 277, 541, 164, 540, 364, 104, 37, 183, 440, 459, 317, 550, 546, 252, 431, 725, 648, 746, 511, 42, 487, 294, 515, 369, 352, 192, 548, 94, 664, 325, 116, 454, 2, 359, 502, 432, 438, 425, 207, 4, 527, 626, 122, 599, 295, 209, 493, 354, 404, 377, 528, 60, 148, 736, 305, 523, 98, 655, 535, 478, 367, 674, 628, 157, 480, 483, 300, 137, 231, 693, 594, 571, 641, 330, 366, 549, 380, 275, 102, 639, 204, 705, 556, 25, 194, 386, 15, 476, 398, 126, 501, 542, 684, 560, 350, 726, 289, 269, 47, 227, 632, 497, 596, 259, 494, 703, 739, 500, 163, 222, 538, 732, 503, 702, 606, 421, 216, 721, 417, 462, 612, 101, 687, 256, 382, 99, 456, 385, 310, 355, 299, 110, 258, 591, 282, 159, 331, 127, 40, 345, 82, 286, 383, 125, 416, 162, 744, 619, 344, 281, 395, 32, 200, 616, 360, 145, 621, 171, 484, 280, 129, 682, 673, 247, 109, 713, 19, 196, 188, 260, 603, 123, 388, 7, 257, 212, 614, 698, 595, 666, 691, 520, 134, 470, 508, 643, 701, 357, 49, 686, 727, 397, 428, 564, 399, 590, 611, 678, 699, 622, 177, 586, 112, 153, 361, 278, 57, 228, 683, 322, 215, 672, 581, 50, 610, 43, 517, 737, 230, 150, 408, 203, 584, 152, 236, 465, 443, 86, 376, 293, 491, 234, 6, 296, 667, 387, 20, 555, 21, 547, 685, 121, 268, 133, 338, 471, 30, 341, 392, 430, 598, 580, 660, 9, 63, 669, 411, 627, 95, 676, 202, 704, 232, 186, 166, 420, 39, 179, 473, 321, 640, 436, 198, 292, 167, 475, 486, 225, 262, 422, 66, 168, 197, 26, 654, 735, 176, 304, 466, 340, 221, 59, 175, 113, 73, 189, 3, 738, 559, 51, 320, 634, 141, 625, 583, 156, 446, 424, 81, 623, 680, 349, 651, 407, 337, 288, 426, 261, 578, 363, 601, 248, 412, 552, 184, 749, 504, 272, 748, 659, 402, 437, 573, 400, 593, 605, 351, 588, 144, 174, 245, 96, 14, 273, 93, 83, 637, 405, 114, 118, 418, 663, 496, 89, 498, 131, 597, 263, 8, 55, 716, 372, 324, 488, 290, 492, 525, 161, 694, 23, 353, 182, 329, 253, 149, 464, 115, 499, 516, 533, 339, 688, 608, 80, 46, 265, 706, 70, 313, 733, 218, 35, 482, 210, 309, 58, 17, 169, 512, 531, 138, 656, 441, 613, 419, 575, 692, 722, 139, 646, 423, 303, 255, 264, 710, 468, 100, 711, 219, 458, 323, 68, 745, 467, 485, 119, 409, 452, 27, 187, 644, 567, 170, 396, 130, 707, 389, 279, 193, 633, 720, 97, 226, 728, 401, 146, 91, 442, 79, 343, 675, 620, 117, 472, 64, 695, 490, 731, 577, 92, 18, 65, 479, 375, 537, 629, 539, 358, 128, 108, 474, 724, 124, 77, 444, 84, 214, 271, 481, 645, 379, 158, 534, 507, 306, 429, 717, 524, 585, 453, 427, 602, 741, 308, 71, 708, 160, 551, 730, 334, 285, 690, 381, 513, 718, 495, 521, 249, 635, 11, 638, 574, 111, 67, 270, 743, 336, 316, 536, 460, 319, 348, 233, 298, 723, 311, 393, 592, 477, 543, 165, 180, 681, 88, 16, 154, 451, 239, 445, 449, 649, 48, 670, 489, 662, 609, 668, 140, 107, 155, 75, 10, 433, 448, 415, 132, 250, 689, 213, 740, 579, 87, 191, 318, 143, 647, 447, 315, 244, 5, 235, 238, 135, 151, 69, 147]"
"74","278.64256262779236","132538.34375","133465.4227300995","[0, 41, 665, 33, 374, 569, 435, 211, 373, 652, 229, 719, 696, 217, 371, 729, 199, 554, 347, 56, 600, 526, 237, 44, 712, 106, 631, 700, 195, 439, 734, 78, 434, 378, 72, 677, 76, 570, 314, 181, 333, 636, 24, 61, 243, 223, 190, 709, 406, 390, 587, 38, 335, 509, 251, 653, 220, 522, 368, 545, 582, 45, 747, 715, 240, 661, 13, 62, 284, 403, 136, 529, 450, 205, 566, 172, 246, 185, 267, 455, 519, 617, 679, 461, 544, 28, 1, 457, 618, 241, 384, 307, 287, 514, 530, 553, 558, 742, 671, 332, 615, 206, 604, 22, 85, 658, 630, 53, 31, 52, 562, 178, 356, 208, 568, 532, 254, 714, 120, 565, 201, 589, 394, 29, 274, 463, 326, 142, 563, 327, 302, 410, 557, 291, 12, 391, 276, 266, 54, 297, 518, 242, 283, 36, 103, 34, 365, 657, 414, 90, 607, 650, 510, 506, 224, 362, 505, 312, 697, 346, 624, 173, 561, 301, 342, 74, 370, 576, 572, 328, 105, 413, 469, 642, 277, 541, 164, 540, 364, 104, 37, 183, 440, 459, 317, 550, 546, 252, 431, 725, 648, 746, 511, 42, 487, 294, 515, 369, 352, 192, 548, 94, 664, 325, 116, 454, 2, 359, 502, 432, 438, 425, 207, 4, 527, 626, 122, 599, 295, 209, 493, 354, 404, 377, 528, 60, 148, 736, 305, 523, 98, 655, 535, 478, 367, 674, 628, 157, 480, 483, 300, 137, 231, 693, 594, 571, 641, 330, 366, 549, 380, 275, 102, 639, 204, 705, 556, 25, 194, 386, 15, 476, 398, 126, 501, 542, 684, 560, 350, 726, 289, 269, 47, 227, 632, 497, 596, 259, 494, 703, 739, 500, 163, 222, 538, 732, 503, 702, 606, 421, 216, 721, 417, 462, 612, 101, 687, 256, 382, 99, 456, 385, 310, 355, 299, 110, 258, 591, 282, 159, 331, 127, 40, 345, 82, 286, 383, 125, 416, 162, 744, 619, 344, 281, 395, 32, 200, 616, 360, 145, 621, 171, 484, 280, 129, 682, 673, 247, 109, 713, 19, 196, 188, 260, 603, 123, 388, 212, 257, 7, 691, 698, 595, 666, 614, 520, 134, 470, 508, 643, 701, 357, 49, 686, 727, 397, 428, 564, 399, 590, 611, 678, 699, 622, 177, 586, 112, 153, 361, 278, 57, 228, 683, 322, 215, 672, 581, 50, 610, 43, 517, 737, 230, 150, 408, 203, 584, 152, 236, 465, 443, 86, 376, 293, 491, 234, 6, 296, 667, 387, 20, 555, 21, 547, 685, 121, 268, 133, 338, 471, 30, 341, 392, 430, 598, 580, 660, 9, 63, 669, 411, 627, 95, 676, 202, 704, 232, 186, 166, 420, 39, 179, 473, 321, 640, 436, 198, 292, 167, 475, 486, 225, 262, 422, 66, 168, 197, 26, 654, 735, 176, 304, 466, 340, 221, 59, 175, 113, 73, 189, 3, 738, 559, 51, 320, 634, 141, 625, 583, 156, 446, 424, 81, 623, 680, 349, 651, 407, 337, 288, 426, 261, 578, 363, 601, 248, 412, 552, 184, 749, 504, 272, 748, 659, 402, 400, 573, 437, 605, 593, 351, 588, 144, 174, 245, 96, 14, 273, 93, 83, 637, 405, 114, 118, 418, 663, 496, 89, 498, 131, 597, 263, 8, 55, 716, 372, 324, 488, 290, 492, 525, 161, 694, 23, 353, 182, 329, 253, 149, 464, 115, 499, 516, 533, 688, 339, 80, 608, 46, 265, 706, 70, 313, 733, 218, 35, 482, 210, 309, 58, 17, 169, 512, 531, 138, 656, 441, 613, 419, 575, 692, 722, 139, 646, 423, 303, 255, 264, 710, 468, 100, 711, 219, 458, 323, 68, 745, 467, 485, 119, 409, 452, 27, 187, 644, 567, 170, 396, 130, 707, 389, 279, 193, 633, 720, 97, 226, 728, 401, 146, 91, 442, 79, 343, 675, 620, 117, 472, 64, 695, 490, 731, 577, 92, 18, 65, 479, 375, 537, 629, 539, 358, 128, 108, 474, 724, 124, 77, 444, 84, 214, 271, 481, 645, 379, 158, 534, 507, 306, 429, 717, 524, 585, 453, 427, 602, 741, 308, 71, 708, 160, 551, 730, 334, 285, 690, 381, 513, 718, 495, 521, 249, 635, 11, 638, 574, 111, 67, 270, 743, 336, 316, 536, 460, 319, 348, 233, 298, 723, 311, 393, 592, 477, 543, 165, 180, 681, 88, 16, 154, 451, 239, 445, 449, 649, 48, 670, 489, 662, 609, 668, 140, 107, 155, 75, 10, 433, 448, 415, 132, 250, 689, 213, 740, 579, 87, 191, 318, 143, 647, 447, 315, 244, 5, 235, 238, 135, 151, 69, 147]"
"75","282.4739797115326","132520.125","133361.77129975124","[0, 41, 665, 33, 374, 569, 435, 211, 373, 652, 229, 719, 696, 217, 371, 729, 199, 554, 347, 56, 600, 526, 237, 44, 712, 106, 631, 700, 195, 439, 734, 78, 434, 378, 72, 677, 76, 570, 314, 181, 333, 636, 24, 61, 243, 223, 190, 709, 406, 390, 587, 38, 335, 509, 251, 653, 220, 522, 368, 545, 582, 45, 747, 715, 240, 661, 13, 62, 284, 403, 136, 529, 450, 205, 566, 172, 246, 185, 267, 455, 519, 617, 679, 461, 544, 28, 1, 457, 618, 241, 384, 307, 287, 514, 530, 553, 558, 742, 671, 332, 615, 206, 604, 22, 85, 658, 630, 53, 31, 52, 562, 178, 356, 208, 568, 532, 254, 714, 120, 565, 201, 589, 394, 29, 274, 463, 326, 142, 563, 327, 302, 410, 557, 291, 12, 391, 276, 266, 54, 297, 518, 242, 283, 36, 103, 34, 365, 657, 414, 90, 607, 650, 510, 506, 224, 362, 505, 312, 697, 346, 624, 173, 561, 301, 342, 74, 370, 576, 572, 328, 105, 413, 469, 642, 277, 541, 164, 540, 364, 104, 37, 183, 440, 459, 317, 550, 546, 252, 431, 725, 648, 746, 511, 42, 487, 294, 515, 369, 352, 192, 548, 94, 664, 325, 116, 454, 2, 359, 502, 432, 438, 425, 207, 4, 527, 626, 122, 599, 295, 209, 493, 354, 404, 377, 528, 60, 148, 736, 305, 523, 98, 655, 535, 478, 367, 674, 628, 157, 480, 483, 300, 137, 231, 693, 594, 571, 641, 330, 366, 549, 380, 275, 102, 639, 204, 705, 556, 25, 194, 386, 15, 476, 398, 126, 501, 542, 684, 560, 350, 726, 289, 269, 47, 227, 632, 497, 596, 259, 494, 703, 739, 500, 163, 222, 538, 732, 503, 702, 606, 421, 216, 721, 417, 462, 612, 101, 687, 256, 382, 99, 456, 385, 310, 355, 299, 110, 258, 591, 282, 159, 331, 127, 40, 345, 82, 286, 383, 125, 416, 162, 744, 619, 344, 281, 395, 32, 200, 616, 360, 145, 621, 171, 484, 280, 129, 682, 673, 247, 109, 713, 19, 196, 188, 260, 603, 123, 388, 212, 257, 7, 691, 698, 595, 666, 614, 520, 134, 470, 508, 643, 701, 357, 49, 686, 727, 397, 428, 564, 399, 590, 611, 678, 699, 622, 177, 586, 112, 153, 361, 278, 57, 228, 683, 322, 215, 672, 581, 50, 610, 43, 517, 737, 230, 150, 408, 203, 584, 152, 236, 465, 443, 86, 376, 293, 491, 234, 6, 296, 667, 387, 20, 555, 21, 547, 685, 121, 268, 133, 338, 471, 30, 341, 392, 430, 598, 580, 660, 9, 63, 669, 411, 627, 95, 676, 202, 704, 232, 186, 166, 420, 39, 179, 473, 321, 640, 436, 198, 292, 167, 475, 486, 225, 262, 422, 66, 168, 197, 26, 654, 735, 176, 304, 466, 340, 221, 59, 175, 113, 73, 189, 3, 738, 559, 51, 320, 634, 141, 625, 583, 156, 446, 424, 81, 623, 680, 349, 651, 407, 337, 288, 426, 261, 578, 363, 601, 248, 412, 552, 184, 749, 504, 272, 748, 659, 402, 437, 573, 400, 593, 605, 351, 588, 144, 174, 245, 96, 14, 273, 93, 83, 637, 405, 114, 118, 418, 663, 496, 89, 498, 131, 597, 263, 8, 55, 716, 372, 324, 488, 290, 492, 525, 161, 694, 23, 353, 182, 329, 253, 149, 464, 115, 499, 516, 533, 688, 339, 80, 608, 46, 265, 706, 70, 313, 733, 218, 35, 482, 210, 309, 58, 17, 169, 512, 531, 138, 656, 441, 613, 419, 575, 692, 722, 139, 646, 423, 303, 255, 264, 710, 468, 100, 711, 219, 458, 323, 68, 745, 467, 485, 119, 409, 452, 27, 187, 644, 567, 170, 396, 130, 707, 389, 279, 193, 633, 720, 97, 226, 728, 401, 146, 91, 442, 79, 343, 675, 620, 117, 472, 64, 695, 490, 731, 577, 92, 18, 65, 479, 375, 537, 629, 539, 358, 128, 108, 474, 724, 124, 77, 444, 84, 214, 271, 481, 645, 379, 158, 534, 507, 306, 429, 717, 524, 585, 453, 427, 602, 741, 308, 71, 708, 160, 551, 730, 334, 285, 690, 381, 513, 718, 495, 521, 249, 635, 11, 638, 574, 111, 67, 270, 743, 336, 316, 536, 460, 319, 348, 233, 298, 723, 311, 393, 592, 477, 543, 165, 180, 681, 88, 16, 154, 451, 239, 445, 449, 649, 48, 670, 489, 662, 609, 668, 140, 107, 155, 75, 10, 433, 448, 415, 132, 250, 689, 213, 740, 579, 87, 191, 318, 143, 647, 447, 315, 244, 5, 235, 238, 135, 151, 69, 147]"
"76","286.2790729999542","132519.25","133256.42249689053","[0, 41, 665, 33, 374, 569, 435, 211, 373, 652, 229, 719, 696, 217, 371, 729, 199, 554, 347, 56, 600, 526, 237, 44, 712, 106, 631, 700, 195, 439, 734, 78, 434, 378, 72, 677, 76, 570, 314, 181, 333, 636, 24, 61, 243, 223, 190, 709, 406, 587, 38, 335, 390, 509, 251, 653, 220, 522, 368, 545, 582, 45, 747, 715, 240, 661, 13, 62, 284, 403, 136, 529, 450, 205, 566, 172, 246, 185, 267, 455, 519, 617, 679, 461, 544, 28, 1, 457, 618, 241, 384, 307, 287, 514, 530, 553, 558, 742, 671, 332, 615, 206, 604, 22, 85, 658, 630, 53, 31, 52, 562, 178, 356, 208, 568, 532, 254, 714, 120, 565, 201, 589, 394, 29, 274, 463, 326, 142, 563, 327, 302, 410, 557, 291, 12, 391, 276, 266, 54, 297, 518, 242, 283, 36, 103, 34, 365, 657, 414, 90, 607, 650, 510, 506, 224, 362, 505, 312, 697, 346, 624, 173, 561, 301, 342, 74, 370, 576, 572, 328, 105, 413, 469, 642, 277, 541, 164, 540, 364, 104, 37, 183, 440, 459, 317, 550, 546, 252, 431, 725, 648, 746, 511, 42, 487, 294, 515, 369, 352, 192, 548, 94, 664, 325, 116, 454, 2, 359, 502, 432, 438, 425, 207, 4, 527, 626, 122, 599, 295, 209, 493, 354, 404, 377, 528, 60, 148, 736, 305, 523, 98, 655, 535, 478, 367, 674, 628, 157, 480, 483, 300, 137, 231, 693, 594, 571, 641, 330, 366, 549, 380, 275, 102, 639, 204, 705, 556, 25, 194, 386, 15, 476, 398, 126, 501, 542, 684, 560, 350, 726, 289, 269, 47, 227, 632, 497, 596, 259, 494, 703, 739, 500, 163, 222, 538, 732, 503, 702, 606, 421, 216, 721, 417, 462, 612, 101, 687, 256, 382, 99, 456, 385, 310, 355, 299, 110, 258, 591, 282, 159, 331, 127, 40, 345, 82, 286, 383, 125, 416, 162, 744, 619, 344, 281, 395, 32, 200, 616, 360, 145, 621, 171, 484, 280, 129, 682, 673, 247, 109, 713, 19, 196, 188, 260, 603, 123, 388, 212, 257, 7, 691, 698, 595, 666, 614, 520, 134, 470, 508, 643, 701, 357, 49, 686, 727, 397, 428, 564, 399, 590, 611, 678, 699, 622, 177, 586, 112, 153, 361, 278, 57, 228, 683, 322, 215, 672, 581, 50, 610, 43, 517, 737, 230, 150, 408, 203, 584, 152, 236, 465, 443, 86, 376, 293, 491, 234, 6, 296, 667, 387, 20, 555, 21, 547, 685, 121, 268, 133, 338, 471, 30, 341, 392, 430, 598, 580, 660, 9, 63, 669, 411, 627, 95, 676, 202, 704, 232, 186, 166, 420, 39, 179, 473, 321, 640, 436, 198, 292, 167, 475, 486, 225, 262, 422, 66, 168, 197, 26, 654, 735, 176, 304, 466, 340, 221, 59, 175, 113, 73, 189, 3, 738, 559, 51, 320, 634, 141, 625, 583, 156, 446, 424, 81, 623, 680, 349, 651, 407, 337, 288, 426, 261, 578, 363, 601, 248, 412, 552, 184, 749, 504, 272, 748, 659, 402, 437, 573, 400, 593, 605, 351, 588, 144, 174, 245, 96, 14, 273, 93, 83, 637, 405, 114, 118, 418, 663, 496, 89, 498, 131, 597, 263, 8, 55, 716, 372, 324, 488, 290, 492, 525, 161, 694, 23, 353, 182, 329, 253, 149, 464, 115, 499, 516, 533, 688, 339, 80, 608, 46, 265, 706, 70, 313, 733, 218, 35, 482, 210, 309, 58, 17, 169, 512, 531, 138, 656, 441, 613, 419, 575, 692, 722, 139, 646, 423, 303, 255, 264, 710, 468, 100, 711, 219, 458, 323, 68, 745, 467, 485, 119, 409, 452, 27, 187, 644, 567, 170, 396, 130, 707, 389, 279, 193, 633, 720, 97, 226, 728, 401, 146, 91, 442, 79, 343, 675, 620, 117, 472, 64, 695, 490, 731, 577, 92, 18, 65, 479, 375, 537, 629, 539, 358, 128, 108, 474, 724, 124, 77, 444, 84, 214, 271, 481, 645, 379, 158, 534, 507, 306, 429, 717, 524, 585, 453, 427, 602, 741, 308, 71, 708, 160, 551, 730, 334, 285, 690, 381, 513, 718, 495, 521, 249, 635, 11, 638, 574, 111, 67, 270, 743, 336, 316, 536, 460, 319, 348, 233, 298, 723, 311, 393, 592, 477, 543, 165, 180, 681, 88, 16, 154, 451, 239, 445, 449, 649, 48, 670, 489, 662, 609, 668, 140, 107, 155, 75, 10, 433, 448, 415, 132, 250, 689, 213, 740, 579, 87, 191, 318, 143, 647, 447, 315, 244, 5, 235, 238, 135, 151, 69, 147]"
"77","290.07306957244873","132381.59375","133229.68990982586","[0, 41, 665, 33, 374, 569, 435, 211, 373, 652, 229, 719, 696, 217, 371, 729, 199, 554, 347, 56, 600, 526, 237, 44, 712, 106, 631, 700, 195, 439, 734, 78, 434, 378, 72, 677, 76, 570, 314, 181, 333, 636, 24, 61, 243, 223, 190, 709, 406, 587, 38, 335, 390, 509, 251, 653, 220, 522, 368, 545, 582, 45, 747, 715, 240, 661, 13, 62, 284, 403, 136, 529, 450, 205, 566, 172, 246, 185, 267, 455, 519, 617, 679, 461, 544, 28, 1, 457, 618, 241, 384, 307, 287, 514, 530, 553, 558, 742, 671, 332, 615, 206, 604, 22, 85, 658, 630, 53, 31, 52, 562, 178, 356, 208, 568, 532, 254, 714, 120, 565, 201, 589, 394, 29, 274, 463, 326, 142, 563, 327, 302, 410, 557, 291, 12, 391, 276, 266, 54, 297, 518, 242, 283, 36, 103, 34, 365, 657, 414, 90, 607, 650, 510, 506, 224, 362, 505, 312, 697, 346, 624, 173, 561, 301, 342, 74, 370, 576, 572, 328, 105, 413, 469, 642, 277, 541, 164, 540, 364, 104, 37, 183, 440, 459, 317, 550, 546, 252, 431, 725, 648, 746, 511, 42, 487, 294, 515, 369, 352, 192, 548, 94, 664, 325, 116, 454, 2, 359, 502, 432, 438, 425, 207, 4, 527, 626, 122, 599, 295, 209, 493, 354, 404, 377, 528, 60, 148, 736, 305, 655, 535, 523, 98, 478, 367, 674, 628, 157, 480, 483, 300, 137, 231, 693, 594, 571, 641, 330, 366, 549, 380, 275, 102, 639, 204, 705, 556, 25, 194, 386, 15, 476, 398, 126, 501, 542, 684, 560, 350, 726, 289, 269, 47, 227, 632, 497, 596, 259, 494, 703, 739, 500, 163, 222, 538, 732, 503, 702, 606, 421, 216, 721, 417, 462, 612, 101, 687, 256, 382, 99, 456, 385, 310, 355, 299, 110, 258, 591, 282, 159, 331, 127, 40, 345, 82, 286, 383, 125, 416, 162, 744, 619, 344, 281, 395, 32, 200, 616, 360, 145, 621, 171, 484, 280, 129, 682, 673, 247, 109, 713, 19, 196, 188, 260, 603, 123, 388, 212, 257, 7, 691, 698, 595, 666, 614, 520, 134, 470, 508, 643, 701, 357, 49, 686, 727, 397, 428, 564, 399, 590, 611, 678, 699, 622, 177, 586, 112, 153, 361, 278, 57, 228, 683, 322, 215, 672, 581, 50, 610, 43, 517, 737, 230, 150, 408, 203, 584, 152, 236, 465, 443, 86, 376, 293, 491, 234, 6, 296, 667, 387, 20, 555, 21, 547, 685, 121, 268, 133, 338, 471, 30, 341, 392, 430, 598, 580, 660, 9, 63, 669, 411, 627, 95, 676, 202, 704, 232, 186, 166, 420, 39, 179, 473, 321, 640, 436, 198, 292, 167, 475, 486, 225, 262, 422, 66, 168, 197, 26, 654, 735, 176, 304, 466, 340, 221, 59, 175, 113, 73, 189, 3, 738, 559, 51, 320, 634, 141, 625, 583, 156, 446, 424, 81, 623, 680, 349, 651, 407, 337, 288, 426, 261, 578, 363, 601, 248, 412, 552, 184, 749, 504, 272, 748, 659, 402, 437, 573, 400, 593, 605, 351, 588, 144, 174, 245, 96, 14, 273, 93, 83, 637, 405, 114, 118, 418, 663, 496, 89, 498, 131, 597, 263, 8, 55, 716, 372, 324, 488, 290, 492, 525, 161, 694, 23, 353, 182, 329, 253, 149, 464, 115, 499, 516, 533, 688, 339, 80, 608, 46, 265, 706, 70, 313, 733, 218, 35, 482, 210, 309, 58, 17, 169, 512, 531, 138, 656, 441, 613, 419, 575, 692, 722, 139, 646, 423, 303, 255, 264, 710, 468, 100, 711, 219, 458, 323, 68, 745, 467, 485, 119, 409, 452, 27, 187, 644, 567, 170, 396, 130, 707, 389, 279, 193, 633, 720, 97, 226, 728, 401, 146, 91, 442, 79, 343, 675, 620, 117, 472, 64, 695, 490, 731, 577, 92, 18, 65, 479, 375, 537, 629, 539, 358, 128, 108, 474, 724, 124, 77, 444, 84, 214, 271, 481, 645, 379, 158, 534, 507, 306, 429, 717, 524, 585, 453, 427, 602, 741, 308, 71, 708, 160, 551, 730, 334, 285, 690, 381, 513, 718, 495, 521, 249, 635, 11, 638, 574, 111, 67, 270, 743, 336, 316, 536, 460, 319, 348, 233, 298, 723, 311, 393, 592, 477, 543, 165, 180, 681, 88, 16, 154, 451, 239, 445, 449, 649, 48, 670, 489, 662, 609, 668, 140, 107, 155, 75, 10, 433, 448, 415, 132, 250, 689, 213, 740, 579, 87, 191, 318, 143, 647, 447, 315, 244, 5, 235, 238, 135, 151, 69, 147]"
"78","293.8665146827698","132366.09375","133154.59787002488","[0, 41, 665, 33, 374, 569, 435, 211, 373, 652, 229, 719, 696, 217, 371, 729, 199, 554, 347, 56, 600, 526, 237, 44, 712, 106, 631, 700, 195, 439, 734, 78, 434, 378, 72, 677, 76, 570, 314, 181, 333, 636, 24, 61, 243, 223, 190, 709, 406, 587, 38, 335, 390, 509, 251, 653, 220, 522, 368, 545, 582, 45, 747, 715, 240, 661, 13, 62, 284, 403, 136, 529, 450, 205, 566, 172, 246, 185, 267, 455, 519, 617, 679, 461, 544, 28, 1, 457, 618, 241, 384, 307, 287, 514, 530, 553, 558, 742, 671, 332, 615, 206, 604, 22, 85, 658, 630, 53, 31, 52, 562, 178, 356, 208, 568, 532, 254, 714, 120, 565, 201, 589, 394, 29, 274, 463, 326, 142, 563, 327, 302, 410, 557, 291, 12, 391, 276, 266, 54, 297, 518, 242, 283, 36, 103, 34, 365, 657, 414, 90, 607, 650, 510, 506, 224, 362, 505, 312, 697, 346, 624, 173, 561, 301, 342, 74, 370, 576, 572, 328, 105, 413, 469, 642, 277, 541, 164, 540, 364, 104, 37, 183, 440, 459, 317, 550, 546, 252, 431, 725, 648, 746, 511, 42, 487, 294, 515, 369, 352, 192, 548, 94, 664, 325, 116, 454, 2, 359, 502, 432, 438, 425, 207, 4, 527, 626, 122, 599, 295, 209, 493, 354, 404, 377, 528, 60, 148, 736, 305, 655, 535, 523, 98, 478, 367, 674, 628, 157, 480, 483, 300, 137, 231, 693, 594, 571, 641, 330, 366, 549, 380, 275, 102, 639, 204, 705, 556, 25, 194, 386, 15, 476, 398, 126, 501, 542, 684, 560, 350, 726, 289, 269, 47, 227, 632, 497, 596, 259, 494, 703, 739, 500, 163, 222, 538, 732, 503, 702, 606, 421, 216, 721, 417, 462, 612, 101, 687, 256, 382, 99, 456, 385, 310, 355, 299, 110, 258, 591, 282, 159, 331, 127, 40, 345, 82, 286, 383, 125, 416, 162, 744, 619, 344, 281, 395, 32, 200, 616, 360, 145, 621, 171, 484, 280, 129, 682, 673, 247, 109, 713, 19, 196, 188, 260, 603, 123, 388, 212, 257, 7, 691, 698, 595, 666, 614, 520, 134, 470, 508, 643, 701, 357, 49, 686, 727, 397, 428, 564, 399, 590, 611, 678, 699, 622, 177, 586, 112, 153, 361, 278, 57, 228, 683, 322, 215, 672, 581, 50, 610, 43, 517, 737, 230, 150, 408, 203, 584, 152, 236, 465, 443, 86, 376, 293, 491, 234, 6, 296, 667, 387, 20, 555, 21, 547, 685, 121, 268, 133, 338, 471, 30, 341, 392, 430, 598, 580, 660, 9, 63, 669, 411, 627, 95, 676, 202, 704, 232, 186, 166, 420, 39, 179, 473, 321, 640, 436, 198, 292, 167, 475, 486, 225, 262, 422, 66, 168, 197, 26, 654, 735, 176, 304, 466, 340, 221, 59, 175, 113, 73, 189, 3, 738, 559, 51, 320, 634, 141, 625, 583, 156, 446, 424, 81, 623, 680, 349, 651, 407, 337, 288, 426, 261, 578, 363, 412, 601, 248, 552, 184, 749, 504, 272, 748, 659, 402, 437, 573, 400, 593, 605, 351, 588, 144, 174, 245, 96, 14, 273, 93, 83, 637, 405, 114, 118, 418, 663, 496, 89, 498, 131, 597, 263, 8, 55, 716, 372, 324, 488, 290, 492, 525, 161, 694, 23, 353, 182, 329, 253, 149, 464, 115, 499, 516, 533, 688, 339, 80, 608, 46, 265, 706, 70, 313, 733, 218, 35, 482, 210, 309, 58, 17, 169, 512, 531, 138, 656, 441, 613, 419, 575, 692, 722, 139, 646, 423, 303, 255, 264, 710, 468, 100, 711, 219, 458, 323, 68, 745, 467, 485, 119, 409, 452, 27, 187, 644, 567, 170, 396, 130, 707, 389, 279, 193, 633, 720, 97, 226, 728, 401, 146, 91, 442, 79, 343, 675, 620, 117, 472, 64, 695, 490, 731, 577, 92, 18, 65, 479, 375, 537, 629, 539, 358, 128, 108, 474, 724, 124, 77, 444, 84, 214, 271, 481, 645, 379, 158, 534, 507, 306, 429, 717, 524, 585, 453, 427, 602, 741, 308, 71, 708, 160, 551, 730, 334, 285, 690, 381, 513, 718, 495, 521, 249, 635, 11, 638, 574, 111, 67, 270, 743, 336, 316, 536, 460, 319, 348, 233, 298, 723, 311, 393, 592, 477, 543, 165, 180, 681, 88, 16, 154, 451, 239, 445, 449, 649, 48, 670, 489, 662, 609, 668, 140, 107, 155, 75, 10, 433, 448, 415, 132, 250, 689, 213, 740, 579, 87, 191, 318, 143, 647, 447, 315, 244, 5, 235, 238, 135, 151, 69, 147]"
"79","297.6846466064453","132271.53125","133050.09048507462","[0, 41, 665, 33, 374, 569, 435, 211, 373, 652, 229, 719, 696, 217, 371, 729, 199, 554, 347, 56, 600, 526, 237, 44, 712, 106, 631, 700, 195, 439, 734, 78, 434, 378, 72, 677, 76, 570, 314, 181, 333, 636, 24, 61, 243, 223, 190, 709, 406, 587, 38, 335, 390, 509, 251, 653, 220, 522, 368, 545, 582, 45, 747, 715, 240, 661, 13, 62, 284, 403, 136, 529, 450, 205, 566, 172, 246, 185, 267, 455, 519, 617, 679, 461, 544, 28, 1, 457, 618, 241, 384, 307, 287, 514, 530, 553, 558, 742, 671, 332, 615, 206, 604, 22, 85, 658, 630, 53, 31, 52, 562, 178, 356, 208, 568, 532, 254, 714, 120, 565, 201, 589, 394, 29, 274, 463, 326, 142, 563, 327, 302, 410, 557, 291, 12, 391, 276, 266, 54, 297, 518, 242, 283, 36, 103, 34, 365, 657, 414, 90, 607, 650, 510, 506, 224, 362, 505, 312, 697, 346, 624, 173, 561, 301, 342, 74, 370, 576, 572, 328, 105, 413, 469, 642, 277, 541, 164, 540, 364, 104, 37, 183, 440, 459, 317, 550, 546, 252, 431, 725, 648, 746, 511, 42, 487, 294, 515, 369, 352, 192, 548, 94, 664, 325, 116, 454, 2, 359, 502, 432, 438, 425, 207, 4, 527, 626, 122, 599, 295, 209, 493, 354, 404, 377, 528, 60, 148, 736, 305, 523, 98, 655, 535, 478, 367, 674, 628, 157, 480, 483, 300, 137, 231, 693, 594, 571, 641, 330, 366, 549, 380, 275, 102, 639, 204, 705, 556, 25, 194, 386, 15, 476, 398, 126, 501, 542, 684, 560, 350, 726, 289, 269, 47, 227, 632, 497, 596, 259, 494, 703, 739, 500, 163, 222, 538, 732, 503, 702, 606, 421, 216, 721, 417, 462, 612, 101, 687, 256, 382, 99, 456, 385, 310, 355, 299, 110, 258, 591, 282, 159, 331, 127, 40, 345, 82, 286, 383, 125, 416, 162, 744, 619, 344, 281, 395, 32, 200, 616, 360, 145, 621, 171, 484, 280, 129, 682, 673, 247, 109, 713, 19, 196, 188, 260, 603, 123, 388, 212, 520, 698, 595, 666, 614, 691, 7, 257, 134, 470, 508, 643, 701, 357, 49, 686, 727, 397, 428, 564, 399, 590, 611, 678, 699, 622, 177, 586, 112, 153, 361, 278, 57, 228, 683, 322, 215, 672, 581, 50, 610, 43, 517, 737, 230, 150, 408, 203, 584, 152, 236, 465, 443, 86, 376, 293, 491, 234, 6, 296, 667, 387, 20, 555, 21, 547, 685, 121, 268, 133, 338, 471, 30, 341, 392, 430, 598, 580, 660, 9, 63, 669, 411, 627, 95, 676, 202, 704, 232, 186, 166, 420, 39, 179, 473, 321, 640, 436, 198, 292, 167, 475, 486, 225, 262, 422, 66, 168, 197, 26, 654, 735, 176, 304, 466, 340, 221, 59, 175, 113, 73, 189, 3, 738, 559, 51, 320, 634, 141, 625, 583, 156, 446, 424, 81, 623, 680, 349, 651, 407, 337, 288, 426, 261, 578, 363, 601, 248, 412, 552, 184, 749, 504, 272, 748, 659, 402, 437, 573, 400, 593, 605, 351, 588, 144, 174, 245, 96, 14, 273, 93, 83, 637, 405, 114, 118, 418, 663, 496, 89, 498, 131, 597, 263, 8, 55, 716, 372, 324, 488, 290, 492, 525, 161, 694, 23, 353, 182, 329, 253, 149, 464, 115, 499, 516, 533, 688, 339, 80, 608, 46, 265, 706, 70, 313, 733, 218, 35, 482, 210, 309, 58, 17, 169, 512, 531, 138, 656, 441, 613, 419, 575, 692, 722, 139, 646, 423, 303, 255, 264, 710, 468, 100, 711, 219, 458, 323, 68, 745, 467, 485, 119, 409, 452, 27, 187, 644, 567, 170, 396, 130, 707, 389, 279, 193, 633, 720, 97, 226, 728, 401, 146, 91, 442, 79, 343, 675, 620, 117, 472, 64, 695, 490, 731, 577, 92, 18, 65, 479, 375, 537, 629, 539, 358, 128, 108, 474, 724, 124, 77, 444, 84, 214, 271, 481, 645, 379, 158, 534, 507, 306, 429, 717, 524, 585, 453, 427, 602, 741, 308, 71, 708, 160, 551, 730, 334, 285, 690, 381, 513, 718, 495, 521, 249, 635, 11, 638, 574, 111, 67, 270, 743, 336, 316, 536, 460, 319, 348, 233, 298, 723, 311, 393, 592, 477, 543, 165, 180, 681, 88, 16, 154, 451, 239, 445, 449, 649, 48, 670, 489, 662, 609, 668, 140, 107, 155, 75, 10, 433, 448, 415, 132, 250, 689, 213, 740, 579, 87, 191, 318, 143, 647, 447, 315, 244, 5, 235, 238, 135, 151, 69, 147]"
